577.0740966796875,206.47085571289062,18.85125732421875,51.415313720703125,0.9451420307159424
589.7135620117188,211.57781982421875,16.08001708984375,46.455108642578125,0.886554479598999
290.701171875,190.6344451904297,14.802520751953125,22.090164184570312,0.8602279424667358
508.2607421875,123.62277221679688,7.5379638671875,411.1025085449219,0.8162060379981995
624.316162109375,183.97702026367188,12.39190673828125,88.59368896484375,0.801335871219635
160.5975341796875,135.49635314941406,11.1671142578125,354.97430419921875,0.79201740026474
296.0425109863281,195.0281524658203,13.327880859375,22.9508056640625,0.7781944870948792
554.7457275390625,115.9550552368164,8.4656982421875,381.7095947265625,0.7756960391998291
587.4494018554688,181.78187561035156,7.2794189453125,419.39495849609375,0.769284188747406
636.822998046875,42.12982177734375,5.893798828125,434.1059875488281,0.7634196281433105
