308.62139892578125,182.8629608154297,12.16290283203125,17.065078735351562,0.8993143439292908
286.5968322753906,185.9569549560547,12.197906494140625,18.467697143554688,0.8223020434379578
585.46630859375,93.05511474609375,7.038330078125,415.14837646484375,0.8173299431800842
550.7939453125,185.103759765625,9.0540771484375,399.41314697265625,0.8015466332435608
234.5083770751953,130.08224487304688,9.58648681640625,367.3650817871094,0.7887595891952515
436.3587951660156,121.332763671875,9.457794189453125,395.63916015625,0.7874389290809631
291.6109619140625,180.58615112304688,12.96844482421875,21.76446533203125,0.7741826176643372
631.2247924804688,65.90394592285156,5.76763916015625,427.94287109375,0.7655234932899475
522.8369750976562,87.09249877929688,7.69573974609375,402.46875,0.7652660608291626
303.496337890625,183.60147094726562,12.33148193359375,20.263504028320312,0.7652378678321838
