87.87454223632812,169.9388427734375,27.894943237304688,93.58489990234375,0.8464173674583435
62.1607666015625,178.11627197265625,27.259292602539062,51.678314208984375,0.832139790058136
586.3631591796875,96.54865264892578,6.7896728515625,411.10504150390625,0.8316664099693298
6.431987285614014,178.32272338867188,27.13684844970703,48.36521911621094,0.8299918174743652
448.34759521484375,121.2640151977539,8.666229248046875,398.5262756347656,0.8249731063842773
45.500831604003906,178.46522521972656,28.483802795410156,43.49540710449219,0.8084789514541626
115.34069061279297,139.10031127929688,12.133659362792969,329.6131286621094,0.799489438533783
542.092041015625,197.86582946777344,9.25616455078125,381.81494140625,0.7810091376304626
81.90420532226562,130.27352905273438,19.81683349609375,280.3985595703125,0.7808370590209961
6.641299724578857,176.53761291503906,24.432783126831055,66.27139282226562,0.7757992148399353
