471.81719970703125,113.4107894897461,7.73858642578125,406.5246887207031,0.8133105635643005
591.5956420898438,92.56330871582031,6.24285888671875,413.82769775390625,0.8059633374214172
224.32952880859375,132.86407470703125,9.330169677734375,360.06781005859375,0.8005947470664978
176.26315307617188,109.33968353271484,13.027435302734375,328.3210754394531,0.7953557968139648
183.39276123046875,176.5043487548828,24.4927978515625,54.10296630859375,0.7846885919570923
141.66049194335938,151.2392578125,31.606292724609375,101.60968017578125,0.7729713320732117
576.307861328125,183.95277404785156,7.8458251953125,409.123046875,0.7729642987251282
159.81820678710938,137.20762634277344,28.1971435546875,141.6595916748047,0.7700119614601135
534.8135375976562,82.31902313232422,7.135986328125,408.3341064453125,0.7693848609924316
53.51216125488281,161.4364013671875,27.660614013671875,81.44522094726562,0.7666372656822205
