471.82012939453125,115.33568572998047,7.97454833984375,405.41510009765625,0.8071724772453308
595.34716796875,174.50042724609375,6.8994140625,430.40045166015625,0.8001876473426819
219.6027374267578,133.24981689453125,9.694778442382812,361.1637268066406,0.7987569570541382
611.7865600585938,86.52729034423828,5.64373779296875,437.9576416015625,0.7882815003395081
50.63728332519531,173.21022033691406,26.272132873535156,75.78955078125,0.7880651950836182
166.72157287597656,171.7730255126953,28.696746826171875,66.99159240722656,0.7852762341499329
630.982177734375,126.59872436523438,15.1121826171875,283.5341796875,0.7801504731178284
545.857421875,82.4792709350586,7.0093994140625,414.6950378417969,0.77347731590271
192.68418884277344,116.1319808959961,13.056991577148438,328.5446472167969,0.7726567983627319
32.932334899902344,172.17564392089844,25.41611099243164,77.86802673339844,0.7608663439750671
