351.39398193359375,211.28271484375,14.2646484375,23.987442016601562,0.8858485817909241
628.3223876953125,88.07827758789062,7.0667724609375,414.2251281738281,0.8071832656860352
400.2709655761719,121.61034393310547,9.926666259765625,390.73565673828125,0.7986422181129456
234.61514282226562,127.56026458740234,9.789276123046875,371.7261047363281,0.7889952659606934
636.7799682617188,85.54841613769531,3.67132568359375,454.74688720703125,0.7782787084579468
556.5323486328125,84.31194305419922,7.01080322265625,421.35235595703125,0.7768277525901794
607.6685791015625,148.60533142089844,25.952392578125,185.22972106933594,0.7733438014984131
614.8034057617188,165.1056671142578,6.5350341796875,448.8310546875,0.773216187953949
625.033935546875,76.73715209960938,4.9945068359375,454.5323181152344,0.7711665630340576
632.1735229492188,129.29998779296875,13.26397705078125,243.29159545898438,0.7681637406349182
