357.3182373046875,219.95230102539062,12.38592529296875,28.47705078125,0.9442123174667358
357.11175537109375,220.8687744140625,15.2392578125,31.59710693359375,0.8849965333938599
635.4969482421875,85.3989028930664,4.583984375,452.0231628417969,0.8215509057044983
623.9300537109375,96.54297637939453,9.0341796875,411.7837219238281,0.8174017071723938
621.2845458984375,83.36424255371094,10.03466796875,419.6719970703125,0.80909264087677
603.0242309570312,167.1109619140625,7.0018310546875,443.32623291015625,0.8046166300773621
94.31021118164062,148.4324951171875,12.613296508789062,325.9714660644531,0.8030303716659546
286.22265625,141.77218627929688,13.62158203125,362.185791015625,0.802302360534668
362.05438232421875,224.62484741210938,12.574676513671875,27.131561279296875,0.787970781326294
608.4222412109375,95.29360961914062,6.85552978515625,436.5314025878906,0.7798829078674316
