347.8258972167969,215.45657348632812,12.3907470703125,32.37287902832031,0.9379714727401733
349.08331298828125,216.5229949951172,13.573699951171875,33.24382019042969,0.933079719543457
365.381103515625,221.04104614257812,11.70172119140625,29.38092041015625,0.8341877460479736
627.6605834960938,79.816650390625,7.68865966796875,423.2080078125,0.829006552696228
624.7734375,98.44326782226562,8.61822509765625,405.6243896484375,0.8229767084121704
635.27197265625,91.04814910888672,4.845458984375,449.0496826171875,0.8141562342643738
389.3111572265625,130.40650939941406,10.920013427734375,388.90289306640625,0.8075466156005859
93.78742218017578,146.86131286621094,12.540321350097656,326.38348388671875,0.7928507328033447
603.2899169921875,99.66759490966797,6.65509033203125,429.50811767578125,0.7881566882133484
619.3553466796875,140.223876953125,11.30218505859375,276.9164733886719,0.7850860953330994
