521.8985595703125,121.86053466796875,7.10284423828125,415.40142822265625,0.8312668204307556
570.3221435546875,189.23309326171875,9.26092529296875,419.35150146484375,0.8174231648445129
628.3881225585938,170.44589233398438,15.47991943359375,198.70965576171875,0.8090653419494629
588.6080322265625,99.91581726074219,7.6304931640625,420.29193115234375,0.807715892791748
160.3821563720703,136.45689392089844,10.512313842773438,359.39093017578125,0.8039095997810364
151.18179321289062,201.97125244140625,16.09771728515625,29.220062255859375,0.7954537868499756
611.439453125,104.52372741699219,10.54730224609375,377.01080322265625,0.7939371466636658
516.6805419921875,95.43541717529297,8.74615478515625,403.9230651855469,0.7771205306053162
635.7073364257812,97.33448791503906,4.95599365234375,453.0345458984375,0.7730458378791809
624.6860961914062,102.72208404541016,9.5401611328125,417.2532653808594,0.771950900554657
