86.00682067871094,184.98391723632812,15.306129455566406,30.274765014648438,0.9817366600036621
570.0077514648438,107.75053405761719,8.3658447265625,394.982666015625,0.8273544311523438
118.34626770019531,149.59912109375,12.496231079101562,312.0862121582031,0.8070552945137024
495.5045166015625,120.55445098876953,8.59820556640625,416.77398681640625,0.8018120527267456
65.11315155029297,141.58505249023438,22.34637451171875,264.35736083984375,0.7911953330039978
460.6559753417969,101.56843566894531,10.75042724609375,390.1231689453125,0.7837062478065491
206.31063842773438,182.67691040039062,15.643798828125,26.098480224609375,0.7829433083534241
634.472412109375,68.67169189453125,4.72509765625,436.4076232910156,0.777018129825592
141.79815673828125,183.58253479003906,27.781494140625,45.13629150390625,0.7754153609275818
166.61196899414062,181.00828552246094,16.586959838867188,27.945632934570312,0.7711447477340698
