192.32077026367188,135.6580810546875,9.849853515625,350.9461975097656,0.7966873645782471
452.9895324707031,119.24640655517578,9.280853271484375,403.19158935546875,0.7889508008956909
603.1646118164062,104.67959594726562,7.38818359375,427.7184143066406,0.787896454334259
41.40119552612305,168.60826110839844,23.188030242919922,60.8382568359375,0.7655962705612183
566.51806640625,77.01102447509766,5.9898681640625,422.5625,0.7622286081314087
612.7550048828125,98.43968963623047,14.62823486328125,267.8271484375,0.7548263072967529
631.872314453125,120.31026458740234,13.13507080078125,264.5008544921875,0.7450166940689087
90.09182739257812,121.50515747070312,16.556549072265625,292.1745300292969,0.7402117848396301
628.1438598632812,67.5435562133789,12.3577880859375,403.05450439453125,0.7368345856666565
239.4027557373047,176.79718017578125,18.917739868164062,23.923446655273438,0.7323405146598816
