92.56877899169922,173.72900390625,13.664474487304688,30.576080322265625,0.9075332880020142
632.1951293945312,63.03823471069336,5.54278564453125,425.5482482910156,0.838590681552887
381.7280578613281,132.7753448486328,11.442779541015625,368.78515625,0.8227392435073853
636.2135620117188,85.29476165771484,4.09503173828125,449.9437561035156,0.8114457130432129
107.92723083496094,138.46202087402344,11.119285583496094,323.74658203125,0.8058064579963684
48.87575149536133,144.13804626464844,28.59475326538086,250.64952087402344,0.7987417578697205
440.11810302734375,94.08572387695312,10.2347412109375,373.62908935546875,0.7948386669158936
21.312314987182617,175.91102600097656,18.384294509887695,33.16151428222656,0.7893773317337036
563.6243286132812,108.62398529052734,10.25115966796875,376.2328186035156,0.787298321723938
41.48954772949219,175.9376678466797,16.91314697265625,32.4708251953125,0.7803542613983154
