268.0879211425781,169.32080078125,28.349578857421875,70.88299560546875,0.9460185766220093
204.67037963867188,174.42352294921875,30.403289794921875,76.15617370605469,0.931611180305481
181.076416015625,173.97959899902344,27.458038330078125,70.08596801757812,0.8826958537101746
301.3856201171875,169.6716766357422,29.8416748046875,65.38633728027344,0.8766416907310486
225.63783264160156,176.16629028320312,29.071701049804688,72.56451416015625,0.8646267652511597
286.57244873046875,174.33416748046875,28.3792724609375,63.981292724609375,0.8532624244689941
253.29373168945312,171.59445190429688,38.73675537109375,76.87904357910156,0.8465122580528259
398.8801574707031,173.9857635498047,26.663665771484375,59.94758605957031,0.8413525223731995
198.92251586914062,180.10694885253906,29.069488525390625,69.62040710449219,0.8397538661956787
411.5309143066406,169.1864776611328,29.588104248046875,64.09349060058594,0.8394797444343567
