432.845947265625,131.75563049316406,84.48260498046875,181.5616912841797,0.8377856612205505
634.4918212890625,74.46711730957031,10.16461181640625,379.45477294921875,0.8289288878440857
586.404296875,168.23309326171875,7.15216064453125,425.50286865234375,0.8145159482955933
566.236083984375,94.41325378417969,8.04217529296875,399.9071044921875,0.8123793601989746
20.623870849609375,173.68145751953125,32.30316925048828,69.94985961914062,0.8048391938209534
353.54541015625,115.60746002197266,10.680389404296875,376.6156921386719,0.8006591200828552
58.92133331298828,175.01979064941406,36.39697265625,62.71330261230469,0.7964762449264526
635.5032348632812,93.58190155029297,7.64593505859375,446.47088623046875,0.7964547872543335
106.401611328125,122.5863037109375,15.146072387695312,281.52545166015625,0.7909843325614929
84.51547241210938,132.379638671875,12.761062622070312,323.4812316894531,0.7867075800895691
