512.7835083007812,199.12083435058594,13.97259521484375,26.890090942382812,0.8839042782783508
530.3087768554688,193.4984588623047,15.49884033203125,33.00312805175781,0.8770701885223389
630.3433837890625,-38.670345306396484,18.59674072265625,346.1636657714844,0.85691899061203
493.9657287597656,198.8280792236328,28.333282470703125,25.847030639648438,0.8057850003242493
440.15234375,123.95051574707031,8.9031982421875,394.9261474609375,0.804181694984436
200.8380126953125,135.06236267089844,10.48052978515625,357.401611328125,0.8017391562461853
603.4398193359375,94.25077819824219,6.44610595703125,430.1737060546875,0.7985167503356934
173.71688842773438,194.84469604492188,23.939437866210938,48.383941650390625,0.7758625745773315
570.4174194335938,175.5093994140625,8.77850341796875,423.88720703125,0.775300145149231
519.7979125976562,96.16364288330078,8.338134765625,400.1919250488281,0.7683362364768982
