462.19708251953125,188.09634399414062,16.603240966796875,37.016326904296875,0.9739121198654175
457.8180236816406,191.64068603515625,16.80718994140625,36.27629089355469,0.9309521913528442
402.30126953125,193.76329040527344,28.56658935546875,30.069015502929688,0.8487513661384583
624.2075805664062,86.06967163085938,8.61541748046875,409.71173095703125,0.8443291187286377
554.7899169921875,111.70228576660156,6.92645263671875,435.8765869140625,0.8346832990646362
603.6967163085938,119.538330078125,18.6273193359375,248.63217163085938,0.8325059413909912
604.8162231445312,102.55937194824219,7.383544921875,431.23016357421875,0.8266637921333313
193.2615966796875,131.25389099121094,10.362213134765625,361.61859130859375,0.8113242983818054
635.9990234375,92.59908294677734,4.39825439453125,450.3414001464844,0.8065240383148193
144.8846435546875,144.92735290527344,25.226318359375,155.7338409423828,0.8051064014434814
