485.59942626953125,186.81436157226562,18.468719482421875,42.05302429199219,0.9828891754150391
425.4092102050781,187.2445526123047,35.018829345703125,29.817611694335938,0.98270183801651
493.06268310546875,184.4097137451172,19.20849609375,43.19425964355469,0.9128124117851257
234.50982666015625,193.0842742919922,14.601943969726562,28.139190673828125,0.877659022808075
626.3741455078125,85.33746337890625,6.47509765625,426.75811767578125,0.8542577624320984
12.822394371032715,182.29873657226562,30.25946044921875,48.93330383300781,0.8524062037467957
97.87848663330078,171.13710021972656,29.623199462890625,99.83580017089844,0.8509389162063599
146.3326416015625,192.9502716064453,22.930496215820312,40.779144287109375,0.8488588333129883
491.5504455566406,114.03994750976562,8.597869873046875,418.3326721191406,0.8483964204788208
592.0731811523438,96.60704803466797,8.1485595703125,427.20330810546875,0.8462154865264893
