26.577789306640625,148.57369995117188,69.80126953125,148.47274780273438,0.996874213218689
455.72125244140625,-3.775620460510254,17.123260498046875,289.8894958496094,0.8655150532722473
225.25732421875,136.4721221923828,26.346359252929688,256.05950927734375,0.8587573766708374
3.029956817626953,169.18434143066406,28.608356475830078,83.14787292480469,0.8400437235832214
521.6537475585938,115.41915893554688,20.1395263671875,305.7410888671875,0.8350383043289185
493.3736877441406,171.6649169921875,19.195526123046875,42.751007080078125,0.8341773152351379
99.09508514404297,172.25347900390625,17.49797821044922,36.215545654296875,0.8333550095558167
96.7789077758789,142.4921875,13.611373901367188,311.3036193847656,0.8313570618629456
41.56479263305664,153.7769775390625,27.993335723876953,119.00225830078125,0.8245843052864075
216.62890625,102.54288482666016,18.9752197265625,313.5233459472656,0.8210873007774353
