493.6970520019531,173.0618896484375,19.292388916015625,50.11814880371094,0.8983887434005737
473.2774658203125,173.25381469726562,19.43170166015625,47.50465393066406,0.86431485414505
113.5726547241211,188.02391052246094,19.597450256347656,34.66552734375,0.8273097276687622
576.91796875,98.3724136352539,6.95721435546875,397.61419677734375,0.8257492184638977
92.94937133789062,186.7931365966797,19.642677307128906,35.62474060058594,0.820296049118042
215.5964813232422,141.13272094726562,9.402236938476562,347.4031982421875,0.8188310265541077
496.68572998046875,119.89814758300781,7.51416015625,403.7022705078125,0.8170569539070129
621.22314453125,73.7096939086914,7.830078125,387.72198486328125,0.8111521601676941
563.4729614257812,186.4462432861328,8.3529052734375,404.724853515625,0.8008320927619934
77.75457000732422,186.7109832763672,20.283470153808594,36.35447692871094,0.792283833026886
