117.77780151367188,189.34774780273438,18.23175048828125,34.15721130371094,0.8845406174659729
114.6845932006836,188.411376953125,16.888832092285156,34.36402893066406,0.8509292006492615
492.96337890625,168.47593688964844,20.1419677734375,51.68798828125,0.8507762551307678
94.50259399414062,186.72996520996094,17.748695373535156,36.12162780761719,0.8500314950942993
590.4130249023438,93.62651824951172,6.2115478515625,409.66729736328125,0.831676185131073
482.5458984375,168.4944610595703,20.33447265625,49.1729736328125,0.8308640122413635
485.8236389160156,117.4938735961914,7.762451171875,403.8898010253906,0.8260143995285034
203.54539489746094,136.4499969482422,9.697006225585938,351.536376953125,0.8180420398712158
86.74766540527344,185.8131103515625,18.133163452148438,36.94404602050781,0.8118678331375122
575.2556762695312,184.27627563476562,7.9100341796875,411.9284362792969,0.8067320585250854
