121.05079650878906,180.13487243652344,19.24981689453125,39.91477966308594,0.869407057762146
109.75900268554688,178.22080993652344,19.965789794921875,42.162017822265625,0.8493936061859131
507.9683837890625,109.96451568603516,10.82958984375,357.1011962890625,0.8434517979621887
163.49794006347656,135.01705932617188,10.792739868164062,340.8656921386719,0.8323066234588623
468.9029235839844,125.60807800292969,8.62091064453125,393.07574462890625,0.8178039789199829
623.8905639648438,87.4085693359375,6.649169921875,414.7706604003906,0.8164135813713074
463.9630126953125,176.2768096923828,18.127593994140625,43.75770568847656,0.8153958320617676
79.06684875488281,131.53753662109375,22.735763549804688,275.46588134765625,0.8127166628837585
417.5955505371094,94.33191680908203,10.651031494140625,362.2784423828125,0.7981424331665039
133.60858154296875,179.34954833984375,20.320144653320312,39.319183349609375,0.7868537306785583
