493.76885986328125,167.8870849609375,19.30780029296875,51.72380065917969,0.8632021546363831
589.3684692382812,167.81263732910156,29.51348876953125,68.86726379394531,0.8532578349113464
481.53997802734375,167.29901123046875,19.184661865234375,48.486083984375,0.8455170392990112
135.69430541992188,177.04421997070312,19.337356567382812,31.412918090820312,0.8336606025695801
585.2075805664062,171.32733154296875,6.96002197265625,423.12225341796875,0.812530517578125
626.6290893554688,161.793701171875,12.828125,87.74688720703125,0.8045418858528137
620.5260009765625,74.41805267333984,7.79296875,381.194580078125,0.802179217338562
547.8994140625,104.52731323242188,11.5628662109375,394.0302429199219,0.7813534140586853
445.8129577636719,115.57524108886719,9.430908203125,402.68634033203125,0.7794895172119141
151.50611877441406,132.2250518798828,11.97418212890625,356.0836181640625,0.772117018699646
