121.55551147460938,187.14169311523438,16.5133056640625,29.666091918945312,0.9001343846321106
545.486572265625,119.1548843383789,6.502685546875,421.3963928222656,0.8469001054763794
79.17540740966797,188.62161254882812,21.5032958984375,44.48020935058594,0.845051109790802
632.613037109375,-56.321998596191406,14.1881103515625,390.1263427734375,0.8391736149787903
110.72994232177734,188.3887481689453,17.577369689941406,33.71160888671875,0.824569582939148
617.1022338867188,87.0651626586914,8.78228759765625,369.3698425292969,0.8198856115341187
586.5093994140625,100.44783020019531,7.3609619140625,411.65069580078125,0.815808892250061
235.62106323242188,135.40487670898438,8.940521240234375,359.7833251953125,0.8107230067253113
130.7510986328125,185.71656799316406,17.639846801757812,30.352767944335938,0.8077647089958191
625.8016357421875,85.54249572753906,6.48712158203125,421.95330810546875,0.8065853118896484
