148.02085876464844,184.4364013671875,15.808486938476562,31.352920532226562,0.976894736289978
548.63623046875,170.55291748046875,21.7845458984375,65.48678588867188,0.9684882164001465
566.5164794921875,168.6946563720703,28.14910888671875,73.58349609375,0.9552212953567505
531.5408935546875,172.4036407470703,21.7750244140625,58.43190002441406,0.8188972473144531
630.3087768554688,159.09202575683594,9.37628173828125,97.14326477050781,0.8161107301712036
41.46961975097656,170.37179565429688,23.15882110595703,59.043792724609375,0.7989917397499084
524.5894775390625,120.65411376953125,7.7762451171875,418.51617431640625,0.794550895690918
610.7305908203125,84.82766723632812,5.6112060546875,433.5230407714844,0.7890773415565491
557.8494873046875,57.08114242553711,7.689208984375,400.188720703125,0.7832318544387817
349.3365783691406,120.56333923339844,8.9508056640625,397.5631103515625,0.7803240418434143
