614.150390625,170.64584350585938,21.7623291015625,72.36019897460938,0.9444334506988525
579.2255249023438,181.1590118408203,22.85406494140625,60.77919006347656,0.8802582025527954
605.378662109375,178.97398376464844,19.57666015625,63.77691650390625,0.864080011844635
102.28557586669922,179.42918395996094,17.991981506347656,39.19035339355469,0.8555903434753418
112.86981201171875,180.1109619140625,18.104385375976562,37.54429626464844,0.8407546877861023
589.2308959960938,185.7036895751953,7.0911865234375,415.45745849609375,0.8236600756645203
595.5956420898438,91.54913330078125,7.05474853515625,426.437255859375,0.820580780506134
556.008544921875,113.58499908447266,6.228271484375,432.1185607910156,0.8118342161178589
636.662841796875,83.0848617553711,3.6475830078125,451.7599182128906,0.8008114695549011
625.17919921875,172.0369873046875,13.20916748046875,76.8299560546875,0.7845697402954102
