435.2058410644531,171.24996948242188,14.575408935546875,37.47914123535156,0.9486331939697266
539.151123046875,114.02359771728516,9.17047119140625,367.3513488769531,0.8298606872558594
385.0374755859375,122.19283294677734,9.5780029296875,376.072509765625,0.8224205374717712
543.6528930664062,187.35882568359375,10.93994140625,394.06329345703125,0.8166790008544922
432.39031982421875,174.75987243652344,13.647003173828125,34.57945251464844,0.8147515058517456
569.5338745117188,159.3509979248047,20.824951171875,120.18653869628906,0.8121517300605774
634.12060546875,118.64510345458984,9.86444091796875,245.45217895507812,0.8103742003440857
95.94094848632812,139.5792694091797,14.070663452148438,317.98712158203125,0.7998473048210144
622.8317260742188,78.92301940917969,8.45233154296875,400.2899169921875,0.7839369177818298
397.3443908691406,112.52962493896484,12.623748779296875,344.7059631347656,0.7785040736198425
