1.9891566038131714,186.636962890625,14.998281478881836,58.463897705078125,0.8311817049980164
382.30413818359375,120.11959075927734,9.518218994140625,373.6832275390625,0.8199520707130432
83.43379974365234,142.62535095214844,15.329383850097656,307.3658447265625,0.8131346702575684
502.6953125,123.00685119628906,10.91650390625,342.93511962890625,0.8125479221343994
634.7481689453125,92.17005920410156,9.45440673828125,316.88275146484375,0.808753252029419
622.61328125,83.33277130126953,8.3787841796875,391.8836669921875,0.7997844219207764
522.9885864257812,195.9744415283203,9.623779296875,375.5189208984375,0.791207492351532
626.1438598632812,89.04222869873047,6.90252685546875,420.887451171875,0.7874438762664795
53.50128936767578,145.799072265625,21.52349853515625,238.18634033203125,0.7716001272201538
637.239501953125,53.679786682128906,5.07830810546875,436.7205505371094,0.7710132598876953
