384.74859619140625,177.44595336914062,16.0638427734375,30.8760986328125,0.9393836855888367
567.4741821289062,103.34603118896484,9.31451416015625,393.449951171875,0.8308303356170654
398.8934631347656,122.65359497070312,9.309173583984375,377.6132507324219,0.8208178281784058
599.5726318359375,-77.92906188964844,13.9111328125,402.95159912109375,0.8010244369506836
44.858497619628906,192.27919006347656,22.036651611328125,79.49092102050781,0.7999820113182068
632.5071411132812,146.64315795898438,11.25408935546875,176.83563232421875,0.7986255884170532
438.53839111328125,224.72877502441406,14.25140380859375,329.35791015625,0.7966780662536621
78.07281494140625,140.3792724609375,14.54534912109375,312.6605224609375,0.7950968146324158
612.0519409179688,99.8475570678711,9.2821044921875,348.97674560546875,0.7925806641578674
406.4947509765625,118.06450653076172,11.47308349609375,332.3079833984375,0.791773796081543
