85.47454833984375,184.9673614501953,18.740982055664062,53.91929626464844,0.9854179620742798
549.2506103515625,116.45672607421875,8.57305908203125,369.5458068847656,0.850728452205658
424.99212646484375,174.9068145751953,15.7489013671875,34.74578857421875,0.8316572904586792
541.4588623046875,183.68997192382812,7.98406982421875,398.5940856933594,0.827507495880127
449.326416015625,121.04972076416016,8.69659423828125,394.5207824707031,0.820763885974884
381.76239013671875,177.6212615966797,17.018585205078125,31.842559814453125,0.8202444314956665
107.36060333251953,139.62879943847656,13.744468688964844,326.89984130859375,0.8199918866157532
634.6751708984375,100.29357147216797,9.33392333984375,287.5937194824219,0.8195052146911621
60.294246673583984,192.18052673339844,23.703868865966797,54.124542236328125,0.8155019879341125
636.9873046875,58.80619430541992,5.4173583984375,427.767822265625,0.8128370642662048
