205.48968505859375,151.7776336669922,26.951644897460938,193.90223693847656,0.820914626121521
519.703857421875,111.8309097290039,7.22772216796875,418.0793151855469,0.8132916688919067
384.9165344238281,175.80418395996094,14.563507080078125,31.413772583007812,0.8121094107627869
7.718286514282227,177.62429809570312,35.68921661376953,92.19961547851562,0.8100671768188477
575.049560546875,180.09884643554688,8.22216796875,413.6578063964844,0.8079821467399597
133.9302215576172,176.537841796875,17.946945190429688,40.56378173828125,0.8064063191413879
213.3350372314453,130.07069396972656,12.723800659179688,358.844970703125,0.8043777942657471
509.1742248535156,102.69670104980469,13.935699462890625,381.544921875,0.8031485080718994
421.5959167480469,176.2666015625,16.587615966796875,35.03623962402344,0.7916769981384277
175.8076629638672,173.15423583984375,17.764022827148438,34.777099609375,0.7872856855392456
