441.2978820800781,165.87733459472656,14.268035888671875,29.499008178710938,0.8525110483169556
529.3469848632812,113.93268585205078,6.56341552734375,416.931884765625,0.8072792291641235
598.522216796875,94.6075210571289,5.8094482421875,412.9412841796875,0.8017922043800354
586.69140625,187.25711059570312,7.89044189453125,413.1795349121094,0.7931175827980042
240.5450439453125,137.9388427734375,8.95751953125,352.9173583984375,0.7906314730644226
207.20420837402344,169.5127716064453,17.986221313476562,34.26802062988281,0.7873134016990662
160.78564453125,107.88819885253906,14.444427490234375,328.7249755859375,0.7814202308654785
417.85137939453125,164.48963928222656,14.6787109375,30.5240478515625,0.766150951385498
634.9974365234375,57.70249938964844,4.107421875,441.40045166015625,0.7656509876251221
554.1392211914062,78.9911117553711,6.3851318359375,414.35943603515625,0.7617456912994385
