544.9091796875,117.69052124023438,5.8900146484375,412.5168151855469,0.8300389051437378
564.817626953125,88.90607452392578,9.130859375,393.8200378417969,0.8203492760658264
622.9563598632812,61.74905776977539,6.4290771484375,385.920654296875,0.8159499764442444
85.27235412597656,120.67765045166016,21.07757568359375,282.97528076171875,0.8158174753189087
178.49288940429688,138.56103515625,9.59613037109375,334.1158752441406,0.8109399676322937
466.1096496582031,65.00521850585938,15.19622802734375,332.9339599609375,0.8080486059188843
634.5477294921875,57.33228302001953,3.92950439453125,449.72161865234375,0.7927665114402771
500.5157470703125,68.59830474853516,8.85321044921875,393.1040344238281,0.7852158546447754
578.15869140625,221.65548706054688,12.74261474609375,363.1766052246094,0.783574640750885
634.1107788085938,86.34840393066406,9.5579833984375,301.222412109375,0.7821667194366455
