579.5445556640625,100.70220184326172,7.529541015625,407.05224609375,0.8191286325454712
407.4132995605469,120.40222930908203,10.534423828125,397.903564453125,0.8140319585800171
148.53665161132812,133.7337188720703,11.53094482421875,346.790283203125,0.8086234331130981
524.01318359375,92.03892517089844,8.44952392578125,410.33331298828125,0.8016775250434875
558.2931518554688,180.53607177734375,9.38531494140625,410.42230224609375,0.79274582862854
46.31901550292969,176.74595642089844,27.23918914794922,84.62248229980469,0.7778797745704651
187.5843505859375,143.51953125,22.10498046875,165.34393310546875,0.7742000818252563
273.55731201171875,128.52255249023438,14.158172607421875,341.51568603515625,0.7668382525444031
571.635986328125,175.47509765625,27.23565673828125,49.199493408203125,0.7584663033485413
632.079345703125,147.1627197265625,10.73651123046875,156.27920532226562,0.7583879232406616
