445.54327392578125,156.32618713378906,16.871429443359375,37.787078857421875,0.9583473801612854
502.1072998046875,154.54714965820312,21.139404296875,42.72065734863281,0.8915681838989258
535.1519775390625,147.0979766845703,23.193115234375,49.15760803222656,0.848821222782135
392.8598327636719,121.39147186279297,13.70416259765625,306.3865966796875,0.8396292328834534
370.81781005859375,98.20672607421875,39.52191162109375,154.08631896972656,0.8386905193328857
622.36328125,71.43529510498047,13.505859375,355.0921630859375,0.8298223614692688
534.1646118164062,167.76426696777344,9.6048583984375,409.42730712890625,0.8209739327430725
336.703369140625,99.9958724975586,13.829498291015625,342.5927734375,0.812802255153656
447.70001220703125,122.79969787597656,9.4058837890625,386.3399658203125,0.8085144758224487
628.4161987304688,73.45118713378906,11.75909423828125,361.55914306640625,0.807037353515625
