492.06207275390625,145.22825622558594,21.86566162109375,47.95149230957031,0.9223362803459167
534.4396362304688,109.57632446289062,6.36083984375,418.3307189941406,0.8199155330657959
454.73028564453125,148.49012756347656,20.89385986328125,44.82542419433594,0.7999051213264465
57.02413558959961,146.71499633789062,28.26144027709961,121.22317504882812,0.7978576421737671
636.5338134765625,64.06598663330078,4.61358642578125,442.60882568359375,0.7969520688056946
635.2311401367188,94.05513000488281,7.5130615234375,244.7071075439453,0.7925999760627747
191.1949005126953,138.3768310546875,9.760696411132812,339.4023132324219,0.7883580923080444
593.9368896484375,183.17379760742188,7.3992919921875,414.0015563964844,0.786346435546875
593.3477172851562,97.14585876464844,5.96234130859375,402.55712890625,0.7853590846061707
134.7347869873047,126.17048645019531,25.253082275390625,145.1551055908203,0.7759101986885071
