451.7344665527344,157.21829223632812,21.527191162109375,38.3656005859375,0.8838608264923096
23.714580535888672,179.7117462158203,26.026058197021484,54.99501037597656,0.8400826454162598
462.41290283203125,159.54090881347656,21.296173095703125,35.937255859375,0.8366644978523254
13.357040405273438,170.6493377685547,32.9036865234375,88.00013732910156,0.8322215676307678
93.04960632324219,165.2615966796875,28.473106384277344,150.41046142578125,0.827998697757721
342.76776123046875,121.00656127929688,9.008941650390625,355.96343994140625,0.827910840511322
440.5831604003906,160.33822631835938,17.98345947265625,35.77473449707031,0.8186834454536438
571.2693481445312,184.53076171875,7.7041015625,407.81329345703125,0.8125936985015869
20.766464233398438,140.75389099121094,23.619083404541016,226.18955993652344,0.8113763928413391
497.47479248046875,156.20225524902344,21.23443603515625,37.54548645019531,0.8067691326141357
