510.4075622558594,163.46832275390625,19.394073486328125,42.254791259765625,0.8384470343589783
548.2841186523438,108.9124755859375,5.57830810546875,419.6612548828125,0.8308202028274536
633.0149536132812,68.6584701538086,4.4326171875,443.4359436035156,0.822381854057312
585.7373046875,174.46389770507812,6.914794921875,423.6550598144531,0.8202353715896606
582.2940673828125,99.37165069580078,6.66339111328125,399.38385009765625,0.8150497674942017
513.7093505859375,164.4197235107422,21.137451171875,44.155975341796875,0.808779776096344
602.81689453125,105.14429473876953,8.28521728515625,305.73321533203125,0.8065400123596191
111.61215209960938,181.71632385253906,18.506195068359375,38.50178527832031,0.7964418530464172
634.8818359375,75.34615325927734,5.7884521484375,424.84820556640625,0.7954882383346558
463.0836486816406,165.11293029785156,20.354461669921875,47.10418701171875,0.7953044176101685
