481.0620422363281,169.31690979003906,14.502716064453125,37.54002380371094,0.9525884389877319
501.45233154296875,169.39759826660156,15.97247314453125,38.19139099121094,0.8915392756462097
543.1856689453125,113.79048156738281,6.5916748046875,424.51123046875,0.8495278358459473
613.5000610351562,89.58915710449219,5.4522705078125,437.01104736328125,0.8278332948684692
308.88238525390625,129.85923767089844,9.2203369140625,378.67828369140625,0.8265417814254761
506.70391845703125,169.5018768310547,17.2572021484375,41.0650634765625,0.818701446056366
629.0494384765625,59.004234313964844,9.00592041015625,398.30926513671875,0.8173727989196777
229.5858154296875,118.8043212890625,22.181976318359375,183.44351196289062,0.8073545694351196
627.3231811523438,157.33743286132812,11.98919677734375,86.9105224609375,0.8021048307418823
547.4255981445312,200.56881713867188,9.45477294921875,384.8748474121094,0.7985909581184387
