304.7015380859375,182.884765625,37.386322021484375,67.27635192871094,0.9937951564788818
468.6761779785156,181.14781188964844,18.4197998046875,39.41017150878906,0.962681233882904
464.620849609375,184.0644073486328,19.02886962890625,39.95745849609375,0.8857852816581726
598.96142578125,146.54234313964844,33.003173828125,226.6382598876953,0.8254805207252502
629.986328125,76.71654510498047,7.38446044921875,428.0423889160156,0.8129717707633972
635.54931640625,88.69171142578125,4.8389892578125,453.1890869140625,0.8100739121437073
422.5042419433594,184.37472534179688,15.62225341796875,33.93296813964844,0.8079237937927246
610.3679809570312,97.62797546386719,9.81243896484375,397.13525390625,0.8067233562469482
152.52691650390625,140.3365478515625,10.789047241210938,340.69989013671875,0.8021499514579773
473.795166015625,127.26762390136719,10.3983154296875,406.13128662109375,0.7958803176879883
