540.188720703125,170.78912353515625,16.5213623046875,42.91184997558594,0.8397286534309387
471.8184814453125,121.0918960571289,7.5189208984375,398.1731262207031,0.8385665416717529
530.788818359375,172.2227783203125,16.3426513671875,43.26318359375,0.8219539523124695
568.2691650390625,171.71966552734375,17.1910400390625,44.57972717285156,0.8171470761299133
568.067626953125,193.23670959472656,8.9185791015625,398.574951171875,0.8102309107780457
628.0776977539062,-26.863174438476562,23.1234130859375,348.312255859375,0.8045123815536499
286.75042724609375,178.84999084472656,17.94073486328125,31.302291870117188,0.8030642867088318
636.0618896484375,88.69302368164062,4.1810302734375,450.8464050292969,0.7997379899024963
109.22366333007812,117.61981201171875,17.6595458984375,309.5780029296875,0.7978730797767639
55.44410705566406,180.4373016357422,24.153305053710938,60.31443786621094,0.7910146117210388
