281.894287109375,182.19906616210938,35.39044189453125,61.013641357421875,0.9869382381439209
421.3199157714844,184.87152099609375,18.6324462890625,35.01470947265625,0.9723899960517883
500.43121337890625,171.85455322265625,19.97625732421875,44.102752685546875,0.9370792508125305
623.596923828125,80.35841369628906,8.63702392578125,414.2762451171875,0.8393577933311462
419.6116638183594,185.84994506835938,16.423187255859375,33.07568359375,0.8221075534820557
415.8599548339844,121.36974334716797,11.197418212890625,403.28070068359375,0.8055635690689087
566.8236694335938,170.12635803222656,23.63067626953125,58.31072998046875,0.8045102953910828
502.90625,110.85419464111328,12.9364013671875,385.76654052734375,0.7888618111610413
630.5396118164062,-66.7623291015625,18.4957275390625,404.9211730957031,0.7817557454109192
632.732666015625,78.84365844726562,5.214111328125,447.6816711425781,0.7811540365219116
