286.3359375,183.91773986816406,26.62945556640625,51.51332092285156,0.9910117387771606
502.5426940917969,172.61280822753906,19.024810791015625,46.323486328125,0.8797929883003235
632.3387451171875,111.0036392211914,12.642822265625,289.29095458984375,0.8540662527084351
618.032470703125,121.72346496582031,17.1263427734375,256.3134765625,0.8526527881622314
285.9432678222656,187.31431579589844,20.903472900390625,47.09478759765625,0.8471193909645081
525.6080322265625,117.67987060546875,7.3492431640625,421.830322265625,0.8463423848152161
149.2960968017578,134.90960693359375,12.539138793945312,347.51495361328125,0.8248517513275146
580.177978515625,98.67001342773438,8.63385009765625,418.8147888183594,0.8242827653884888
203.093017578125,119.01881408691406,13.655426025390625,338.05548095703125,0.8136406540870667
549.0963134765625,192.1720733642578,9.74078369140625,398.39306640625,0.7923474907875061
