301.73052978515625,174.7020263671875,18.289764404296875,40.26678466796875,0.9523437023162842
430.9555358886719,168.81971740722656,15.601287841796875,35.25126647949219,0.9028481841087341
450.954833984375,164.91920471191406,19.162200927734375,45.765411376953125,0.883438766002655
456.3201599121094,165.25965881347656,17.3583984375,43.15351867675781,0.867235541343689
491.0900573730469,163.8783721923828,18.590850830078125,44.092437744140625,0.8276764750480652
24.584766387939453,140.75718688964844,23.654361724853516,220.2605438232422,0.8240635991096497
105.52684020996094,150.3787841796875,11.673469543457031,304.06256103515625,0.8197528719902039
398.1582946777344,131.0281219482422,15.702301025390625,305.09075927734375,0.8192251324653625
628.822265625,81.55709075927734,5.97479248046875,434.1487121582031,0.8169161677360535
134.83384704589844,132.7659912109375,22.873458862304688,232.67105102539062,0.8043972849845886
