535.6653442382812,172.46270751953125,19.8009033203125,56.01402282714844,0.976015031337738
322.0367736816406,183.54115295410156,17.34246826171875,36.827117919921875,0.9004905819892883
503.9755554199219,179.51077270507812,20.273834228515625,49.194061279296875,0.8626731038093567
482.9404296875,125.62249755859375,8.39227294921875,400.3729248046875,0.8544808030128479
90.67322540283203,151.49252319335938,16.141357421875,249.90219116210938,0.8368374109268188
107.070068359375,148.353759765625,11.5130615234375,309.8106689453125,0.812749981880188
630.3492431640625,82.2494888305664,5.57012939453125,434.4519348144531,0.8126882314682007
631.3719482421875,-34.228092193603516,16.57965087890625,381.73651123046875,0.8092105984687805
490.5859375,178.72738647460938,17.644500732421875,47.03868103027344,0.8079296350479126
623.5547485351562,91.94817352294922,7.73443603515625,384.042724609375,0.8040189743041992
