486.970947265625,177.1868438720703,15.45501708984375,35.4222412109375,0.8483524322509766
506.61944580078125,170.63870239257812,17.360595703125,41.553558349609375,0.8443000912666321
628.652099609375,-19.777637481689453,21.5277099609375,338.1279602050781,0.8389055728912354
575.7852783203125,104.1622314453125,7.93780517578125,398.50335693359375,0.8360758423805237
480.24249267578125,122.50990295410156,8.338470458984375,402.374267578125,0.8353133797645569
529.2422485351562,207.6163787841797,12.742919921875,374.309814453125,0.8223341703414917
129.60203552246094,142.12933349609375,11.111785888671875,334.84918212890625,0.8029124736785889
629.9852905273438,157.76239013671875,12.78021240234375,122.65478515625,0.8007124662399292
476.84375,101.62014770507812,9.493804931640625,379.9602355957031,0.7820112705230713
401.89215087890625,187.85862731933594,16.13525390625,30.053192138671875,0.7794299125671387
