314.734619140625,181.4710235595703,16.889556884765625,33.52961730957031,0.9923179149627686
627.1204833984375,164.47998046875,11.93389892578125,79.67539978027344,0.8622609972953796
567.0990600585938,168.2447052001953,22.16900634765625,50.34681701660156,0.8616428971290588
628.196533203125,74.85527801513672,6.95806884765625,416.70526123046875,0.8367226123809814
604.6856079101562,106.92577362060547,18.5107421875,238.97250366210938,0.8326675891876221
457.01263427734375,183.3027801513672,19.35577392578125,37.360931396484375,0.8256269693374634
505.28033447265625,206.9560089111328,12.82098388671875,379.21722412109375,0.8182291388511658
497.8587646484375,121.61618041992188,8.359527587890625,411.0627746582031,0.8148990273475647
312.5478820800781,183.24539184570312,15.955078125,30.917953491210938,0.8142011165618896
635.7872314453125,92.3331527709961,4.7005615234375,453.3957824707031,0.8126736879348755
