313.1907958984375,177.2432861328125,15.249298095703125,29.636077880859375,0.9680514335632324
474.7681884765625,171.92587280273438,21.346954345703125,50.70542907714844,0.8613362312316895
622.8328857421875,67.08979797363281,15.3677978515625,340.09765625,0.8431151509284973
62.1577033996582,169.31625366210938,32.21964645385742,91.404296875,0.833263099193573
482.875244140625,170.3339080810547,18.637542724609375,49.74348449707031,0.8267076015472412
538.3561401367188,84.92285919189453,7.30633544921875,408.6182556152344,0.8067994117736816
560.8319702148438,125.58247375488281,11.65673828125,391.25775146484375,0.8055662512779236
185.30470275878906,139.22605895996094,10.342514038085938,343.106201171875,0.7975014448165894
437.9989013671875,126.55220031738281,11.04461669921875,400.208984375,0.7939639091491699
310.47613525390625,178.2722930908203,15.95635986328125,29.50994873046875,0.7903805375099182
