372.3075866699219,159.75157165527344,16.2615966796875,27.841583251953125,0.8426882028579712
96.86033630371094,124.4465560913086,22.07440948486328,292.3858337402344,0.8160989880561829
586.6422119140625,101.49382781982422,6.51092529296875,394.28729248046875,0.808508574962616
448.193603515625,118.83319091796875,8.057159423828125,388.70220947265625,0.8053659796714783
22.657489776611328,163.72825622558594,29.353443145751953,88.93119812011719,0.8010520339012146
567.7269287109375,50.62029266357422,6.97039794921875,400.240966796875,0.7963685393333435
394.5294189453125,159.11160278320312,16.4371337890625,28.855209350585938,0.7911083698272705
620.990966796875,-59.507659912109375,12.838623046875,374.86529541015625,0.7886469960212708
117.63864135742188,135.4915771484375,10.911102294921875,331.6248779296875,0.7885622978210449
632.1454467773438,45.56666946411133,5.4404296875,401.7207336425781,0.7885169982910156
