387.8483581542969,183.27525329589844,21.089569091796875,41.601043701171875,0.9776288866996765
617.6983032226562,173.41311645507812,19.658203125,61.231475830078125,0.87295001745224
540.893310546875,176.8985595703125,24.4923095703125,55.36915588378906,0.8713251352310181
533.2828369140625,179.9683380126953,22.973388671875,53.02577209472656,0.8532580733299255
384.108154296875,186.38026428222656,19.09326171875,36.08573913574219,0.8404009938240051
360.2991943359375,183.08111572265625,15.19439697265625,36.153228759765625,0.836384654045105
578.9439697265625,183.97332763671875,9.18792724609375,419.4295654296875,0.824928343296051
564.8048095703125,94.62395477294922,9.5269775390625,414.9852294921875,0.8159327507019043
520.9168701171875,112.9563217163086,7.45257568359375,426.1251525878906,0.7942751049995422
570.2186279296875,176.40182495117188,27.9649658203125,53.184783935546875,0.7928528785705566
