521.9503784179688,111.01896667480469,6.95709228515625,421.12420654296875,0.8435167670249939
540.3989868164062,209.86180114746094,9.58184814453125,374.20751953125,0.8310611248016357
197.61412048339844,181.38446044921875,16.007339477539062,32.27684020996094,0.8097818493843079
239.03997802734375,138.68179321289062,8.738510131835938,354.2950134277344,0.8091018795967102
615.8816528320312,82.37773132324219,5.6024169921875,439.5107421875,0.8030185699462891
581.3042602539062,45.580772399902344,7.10284423828125,422.899658203125,0.8019400238990784
232.38388061523438,165.46311950683594,18.689346313476562,59.14686584472656,0.7965269088745117
634.7667846679688,100.39617156982422,9.23748779296875,287.0948181152344,0.7948170304298401
163.09417724609375,175.89479064941406,17.17938232421875,37.454315185546875,0.7891838550567627
629.9432983398438,82.371826171875,8.79168701171875,391.0322570800781,0.7853248715400696
