586.255859375,177.22683715820312,22.9302978515625,53.642578125,0.9226211309432983
356.6065673828125,180.71112060546875,15.47247314453125,33.840545654296875,0.9040340781211853
628.5408935546875,173.14772033691406,11.35247802734375,62.75213623046875,0.8226858377456665
550.2315673828125,174.3241424560547,20.8560791015625,52.929443359375,0.8176463842391968
629.6428833007812,87.39849853515625,7.43096923828125,418.874267578125,0.8069474697113037
557.9597778320312,111.30965423583984,6.05352783203125,430.1828308105469,0.7941380143165588
373.44207763671875,185.4132843017578,17.638092041015625,34.54985046386719,0.7935729622840881
186.64035034179688,146.46099853515625,10.22491455078125,345.05609130859375,0.7890676259994507
635.1831665039062,66.76862335205078,8.56793212890625,396.1434631347656,0.7758952975273132
564.7346801757812,175.3435821533203,25.996337890625,50.591552734375,0.7671548128128052
