429.76727294921875,176.5886688232422,32.825775146484375,67.49546813964844,0.9963904023170471
166.16087341308594,183.35690307617188,18.071853637695312,26.1864013671875,0.8565802574157715
431.1098937988281,121.97300720214844,9.690155029296875,397.06689453125,0.8135283589363098
40.48126220703125,184.81716918945312,26.416961669921875,57.56561279296875,0.8057969212532043
579.9423828125,102.8770751953125,8.62384033203125,412.354736328125,0.8048135042190552
132.53927612304688,134.6800994873047,11.732040405273438,337.26702880859375,0.7971071600914001
481.67010498046875,91.97376251220703,8.946319580078125,388.26263427734375,0.789147675037384
37.617347717285156,185.4141387939453,24.08850860595703,45.76495361328125,0.7859784364700317
634.1776123046875,98.31521606445312,10.45428466796875,314.1967468261719,0.7817308902740479
8.670534133911133,182.308837890625,22.85185432434082,51.486663818359375,0.7618559002876282
