75.90129089355469,183.46185302734375,17.361846923828125,33.14460754394531,0.9302327036857605
541.6082763671875,176.7677001953125,17.1824951171875,41.112579345703125,0.8858623504638672
451.2984619140625,135.85232543945312,64.79046630859375,137.9412841796875,0.8610317707061768
461.83319091796875,178.4154052734375,17.5948486328125,34.11228942871094,0.8384573459625244
518.903564453125,68.27098083496094,27.04345703125,185.29782104492188,0.834758460521698
598.006103515625,104.7300796508789,11.7965087890625,330.47625732421875,0.8345299959182739
27.501068115234375,184.55935668945312,20.908592224121094,38.84490966796875,0.8327780961990356
629.6578979492188,-22.512502670288086,19.77947998046875,352.8842468261719,0.8224241733551025
63.630252838134766,159.3520050048828,22.048748016357422,222.2811737060547,0.8218769431114197
107.05671691894531,139.74853515625,12.545219421386719,329.395263671875,0.8156192302703857
