479.0368957519531,177.80941772460938,18.303466796875,47.83836364746094,0.9840907454490662
455.3434753417969,180.7115478515625,15.442901611328125,36.91693115234375,0.8631049990653992
522.6687622070312,115.10421752929688,7.3336181640625,420.6415100097656,0.8240504860877991
455.709228515625,183.9471435546875,16.9197998046875,40.258941650390625,0.805120587348938
601.5318603515625,91.45985412597656,5.849853515625,422.13299560546875,0.8048619627952576
636.8416137695312,101.8515625,5.21026611328125,429.83392333984375,0.8030707240104675
128.1543731689453,140.4563751220703,24.922225952148438,135.77354431152344,0.7946842312812805
256.9450378417969,136.57101440429688,8.773040771484375,360.5124816894531,0.7888856530189514
199.4420166015625,107.60826873779297,13.801467895507812,350.08209228515625,0.7811973690986633
631.1889038085938,-61.653785705566406,17.14849853515625,380.1603088378906,0.778908371925354
