477.5579528808594,172.52737426757812,18.531707763671875,43.46478271484375,0.9611790180206299
489.59246826171875,119.01386260986328,7.72064208984375,405.01068115234375,0.8281882405281067
101.05484008789062,137.06674194335938,15.860305786132812,265.8750915527344,0.823158860206604
545.063232421875,114.36823272705078,8.89190673828125,370.04644775390625,0.8154820799827576
320.7254333496094,116.28907775878906,17.1295166015625,323.62451171875,0.8154741525650024
457.6441650390625,176.3717803955078,16.3128662109375,39.652008056640625,0.8026407361030579
73.87030792236328,142.03582763671875,12.304969787597656,315.22589111328125,0.79838627576828
623.29150390625,15.628552436828613,31.63531494140625,290.1915283203125,0.7791719436645508
506.9049377441406,175.62864685058594,20.809844970703125,45.89060974121094,0.7756097912788391
452.1315002441406,97.20452117919922,59.427337646484375,142.00830078125,0.7615651488304138
