577.9949951171875,175.2436981201172,29.1285400390625,86.02961730957031,0.9960197806358337
627.8081665039062,-11.84776782989502,22.78271484375,354.8268127441406,0.8542242050170898
486.194091796875,118.20515441894531,8.48760986328125,414.43310546875,0.8317992687225342
631.0365600585938,79.32135772705078,12.71502685546875,344.1175537109375,0.8198276162147522
624.7833251953125,169.80804443359375,13.96881103515625,99.66726684570312,0.7994658350944519
565.997314453125,101.07593536376953,9.21331787109375,413.15008544921875,0.7944607734680176
360.46112060546875,112.67108917236328,15.188140869140625,269.4007263183594,0.7925168871879578
600.57421875,136.36517333984375,24.96759033203125,219.98162841796875,0.7787313461303711
409.64739990234375,181.81375122070312,18.2564697265625,39.605712890625,0.7596710920333862
637.7532348632812,104.97807312011719,4.12554931640625,455.41192626953125,0.7557715773582458
