0.20146995782852173,193.3709259033203,8.506823539733887,50.20198059082031,0.8333592414855957
351.55279541015625,132.75450134277344,11.51910400390625,368.77337646484375,0.8269771337509155
627.1571044921875,78.5068588256836,7.74176025390625,414.2410583496094,0.8266090750694275
26.141380310058594,193.0275115966797,22.654773712158203,44.239593505859375,0.8172986507415771
84.48197937011719,141.0428466796875,15.147918701171875,319.4505615234375,0.8149134516716003
630.48291015625,133.28079223632812,17.0205078125,257.0426330566406,0.7936124801635742
87.53399658203125,143.9366455078125,18.85875701904297,265.20989990234375,0.7904505133628845
637.5629272460938,49.5365104675293,4.54827880859375,447.5588684082031,0.781919002532959
463.8734130859375,99.07395935058594,10.013885498046875,378.44158935546875,0.7773916721343994
440.30780029296875,247.2058868408203,18.2857666015625,310.74407958984375,0.7701489329338074
