487.0987548828125,186.5321044921875,21.38751220703125,51.796844482421875,0.9917994737625122
503.05810546875,120.49271392822266,7.694610595703125,409.5603332519531,0.8078190088272095
167.63336181640625,142.36659240722656,10.708465576171875,338.14874267578125,0.8048513531684875
574.8770141601562,5.0954389572143555,34.8494873046875,257.1745910644531,0.8043196797370911
565.396240234375,107.92169189453125,8.6318359375,393.75872802734375,0.7981024980545044
494.5510559082031,100.9151611328125,10.66131591796875,400.56976318359375,0.7753309011459351
476.30169677734375,180.77915954589844,20.505218505859375,53.03575134277344,0.7731707692146301
625.090087890625,81.41451263427734,7.4521484375,395.32562255859375,0.7728520035743713
619.3427734375,108.44758605957031,16.8023681640625,271.6348876953125,0.7680541276931763
635.2885131835938,82.01893615722656,5.72784423828125,428.33026123046875,0.7671598792076111
