423.4107666015625,187.7772674560547,16.69989013671875,30.083999633789062,0.9463455080986023
417.5001525878906,189.09564208984375,14.544586181640625,28.166000366210938,0.8696794509887695
560.4913940429688,99.01802825927734,8.4588623046875,400.76434326171875,0.8372815251350403
355.52606201171875,121.88824462890625,10.6060791015625,380.8859558105469,0.8193005919456482
71.12507629394531,174.3451385498047,34.05120086669922,90.26716613769531,0.8141211271286011
143.5210418701172,190.2349853515625,17.561172485351562,34.37458801269531,0.8085140585899353
72.12016296386719,184.75924682617188,27.6612548828125,53.79161071777344,0.8016530871391296
632.0906982421875,162.30276489257812,10.4222412109375,145.05615234375,0.7989399433135986
108.28250885009766,133.8134002685547,11.894798278808594,335.916259765625,0.7982079386711121
576.0717163085938,174.51988220214844,8.32293701171875,417.680908203125,0.7976028919219971
