76.07958984375,186.94041442871094,27.820335388183594,59.47645568847656,0.8514404892921448
88.62107849121094,189.50074768066406,25.21575927734375,48.864288330078125,0.8259468078613281
471.0762939453125,118.61640930175781,7.791046142578125,400.72149658203125,0.8244863152503967
588.5283813476562,99.2677993774414,6.8958740234375,412.2896423339844,0.8087003231048584
118.6582260131836,174.82093811035156,24.484901428222656,103.89997863769531,0.8072159886360168
86.25424194335938,177.26109313964844,29.061927795410156,80.23997497558594,0.8002470135688782
422.62158203125,183.1879425048828,15.763153076171875,32.053466796875,0.7973794937133789
65.60623168945312,170.66702270507812,27.53900146484375,100.98724365234375,0.7961242198944092
54.41872024536133,184.12527465820312,30.673885345458984,61.670562744140625,0.793023407459259
633.9257202148438,69.01858520507812,4.91552734375,437.37933349609375,0.7899098992347717
