535.779296875,184.0502166748047,24.71307373046875,46.992340087890625,0.9247239232063293
495.6727294921875,124.72901153564453,13.127044677734375,360.83294677734375,0.8355302214622498
488.09381103515625,125.43661499023438,8.7042236328125,406.1780700683594,0.8253321051597595
156.81654357910156,140.4344482421875,11.275588989257812,341.14373779296875,0.8186649680137634
527.532958984375,185.30630493164062,21.072265625,43.94569396972656,0.8145310878753662
627.060791015625,-21.327667236328125,24.9599609375,356.42254638671875,0.7977890968322754
122.96534729003906,195.71859741210938,15.49560546875,28.515426635742188,0.7879906296730042
541.9695434570312,188.96649169921875,24.6854248046875,48.007568359375,0.7803748846054077
587.8392944335938,128.93408203125,11.94677734375,293.00067138671875,0.7779841423034668
171.0218505859375,190.46609497070312,15.242828369140625,27.880844116210938,0.7752474546432495
