474.617919921875,183.6881561279297,15.50469970703125,40.1861572265625,0.9252557158470154
497.0433349609375,182.53651428222656,16.1368408203125,39.70458984375,0.8880900144577026
468.65020751953125,185.9628143310547,16.428985595703125,39.7508544921875,0.8606343269348145
461.18731689453125,120.46495819091797,7.366180419921875,392.88409423828125,0.8540799021720886
588.9234008789062,99.18285369873047,7.01519775390625,413.22412109375,0.8276512026786804
545.0160522460938,91.32221984863281,7.7572021484375,416.15081787109375,0.8000384569168091
610.8845825195312,103.45452117919922,7.66387939453125,330.047607421875,0.7993053197860718
126.03240966796875,136.33514404296875,11.72052001953125,338.13165283203125,0.7990238070487976
123.39649963378906,133.93455505371094,13.867950439453125,281.58154296875,0.7928597927093506
413.3767395019531,179.67019653320312,16.609039306640625,37.78364562988281,0.7835533022880554
