122.78349304199219,186.95343017578125,17.221160888671875,32.9471435546875,0.9136379361152649
214.14556884765625,185.72218322753906,15.252532958984375,25.349761962890625,0.8875495791435242
618.0394287109375,89.2227783203125,7.85308837890625,361.72198486328125,0.860410213470459
171.48240661621094,187.56382751464844,17.766036987304688,29.288772583007812,0.8582481741905212
526.8155517578125,113.42090606689453,7.0069580078125,422.0604248046875,0.8435811996459961
112.47061157226562,188.11639404296875,17.271270751953125,33.42839050292969,0.8391379117965698
630.359130859375,-41.16740417480469,18.62249755859375,376.76190185546875,0.838883101940155
632.3182983398438,75.83775329589844,5.276123046875,440.0565185546875,0.822446882724762
600.4464111328125,90.19145965576172,6.5662841796875,426.9036865234375,0.8112962245941162
200.97531127929688,132.01190185546875,9.935333251953125,357.7497863769531,0.8045300841331482
