8.530180931091309,193.3218994140625,16.185787200927734,41.26953125,0.9620328545570374
475.56524658203125,157.65753173828125,20.399658203125,51.07289123535156,0.8939611911773682
144.49456787109375,183.07655334472656,14.66851806640625,27.119613647460938,0.8358498811721802
102.41156005859375,137.85816955566406,11.975837707519531,322.8067626953125,0.8125545382499695
582.7182006835938,207.77357482910156,8.3206787109375,389.75360107421875,0.8111127018928528
98.20804595947266,165.29733276367188,21.077117919921875,236.8056640625,0.8099380135536194
586.2051391601562,119.27828979492188,10.91473388671875,284.8427429199219,0.8093574643135071
581.872314453125,99.61813354492188,7.696044921875,406.9105224609375,0.8065534830093384
630.4512329101562,86.83091735839844,5.45196533203125,432.6920166015625,0.7815725207328796
633.3905639648438,94.79231262207031,11.93609619140625,340.3861083984375,0.7795835137367249
