624.711669921875,75.3449935913086,8.351318359375,413.715576171875,0.8227580785751343
130.49891662597656,156.8794708251953,19.961471557617188,263.9744873046875,0.8193968534469604
95.20217895507812,150.50103759765625,13.83856201171875,301.622802734375,0.8071749806404114
632.1522827148438,84.86080169677734,11.19635009765625,344.84228515625,0.8042576909065247
621.9461669921875,93.7437515258789,7.7603759765625,417.2304992675781,0.787773847579956
482.75439453125,142.7436065673828,10.594879150390625,396.13812255859375,0.7770801186561584
504.2493896484375,46.437320709228516,36.57171630859375,243.4781494140625,0.7733896374702454
515.296142578125,125.40188598632812,12.68194580078125,362.98199462890625,0.7709059119224548
637.4989013671875,80.07366943359375,3.4215087890625,460.2301025390625,0.7699664831161499
632.633544921875,66.11467742919922,5.352294921875,438.7581787109375,0.7678643465042114
