73.67435455322266,190.5698699951172,17.400108337402344,34.52638244628906,0.8855487108230591
255.68426513671875,148.83595275878906,9.892547607421875,353.87109375,0.840245246887207
41.4774284362793,189.85560607910156,18.73676300048828,33.86346435546875,0.8250505924224854
497.131591796875,90.93505096435547,8.9674072265625,399.5354919433594,0.8140460848808289
68.69409942626953,191.3247833251953,16.780921936035156,34.35633850097656,0.7986273765563965
502.361328125,138.37576293945312,13.62060546875,347.8497619628906,0.7904056906700134
460.29437255859375,144.86944580078125,10.745697021484375,386.7705078125,0.7865282297134399
35.711246490478516,189.41189575195312,21.2135009765625,33.58988952636719,0.7842045426368713
77.44328308105469,191.6534881591797,18.39763641357422,33.6885986328125,0.7820332646369934
629.2073364257812,73.685302734375,7.281982421875,426.2923583984375,0.7768413424491882
