35.812007904052734,186.19105529785156,19.347820281982422,37.488067626953125,0.8520109057426453
39.68285369873047,186.97076416015625,18.248607635498047,36.80314636230469,0.850142776966095
161.4168701171875,142.49488830566406,12.387924194335938,340.34100341796875,0.8283935785293579
30.008277893066406,185.88893127441406,17.873897552490234,37.776885986328125,0.8152692914009094
477.33209228515625,95.81688690185547,8.81292724609375,385.495849609375,0.8125767111778259
81.38042449951172,188.15951538085938,19.995750427246094,38.064727783203125,0.8052282929420471
443.62493896484375,131.13258361816406,9.486785888671875,390.15869140625,0.801741361618042
466.64910888671875,131.00286865234375,14.31097412109375,338.2989501953125,0.7915902137756348
636.4512329101562,60.163578033447266,6.1068115234375,421.765380859375,0.791095495223999
60.94449996948242,188.41627502441406,18.521732330322266,36.19792175292969,0.7736052870750427
