75.43318176269531,190.57904052734375,16.16473388671875,33.828094482421875,0.9354329109191895
36.74365234375,189.39540100097656,18.997360229492188,36.96424865722656,0.8861775398254395
28.381593704223633,189.57969665527344,18.227083206176758,37.037017822265625,0.8838827610015869
42.88124084472656,189.44898986816406,17.1253662109375,36.577484130859375,0.8403356075286865
306.3485107421875,140.65797424316406,13.5052490234375,351.5037841796875,0.838603675365448
103.4151611328125,150.15931701660156,12.851470947265625,313.9677734375,0.8373567461967468
272.3832092285156,167.33128356933594,24.6197509765625,237.11000061035156,0.8354540467262268
418.9164733886719,106.38453674316406,11.170257568359375,361.36199951171875,0.8302465081214905
69.78790283203125,189.8897705078125,15.5230712890625,33.75514221191406,0.8282049298286438
46.91783142089844,189.87979125976562,18.200714111328125,35.96888732910156,0.8109493255615234
