438.1986083984375,118.95394897460938,8.600341796875,393.4211730957031,0.8265199661254883
542.8368530273438,106.6812515258789,8.887451171875,378.0177001953125,0.8116603493690491
134.2397918701172,137.7832489013672,11.734039306640625,335.36224365234375,0.8063750267028809
7.991977691650391,185.2964324951172,23.10528564453125,44.29658508300781,0.794426679611206
521.4378662109375,188.95169067382812,9.72021484375,384.1436462402344,0.7907600402832031
79.05844116210938,191.0977783203125,22.853729248046875,37.95576477050781,0.7906180620193481
75.86886596679688,192.72384643554688,21.367813110351562,37.31144714355469,0.778499960899353
33.65019989013672,188.05886840820312,22.32221221923828,41.8231201171875,0.7723559141159058
84.50463104248047,133.67970275878906,18.044265747070312,268.91619873046875,0.770332396030426
480.40618896484375,92.8548583984375,9.227752685546875,387.000732421875,0.768914520740509
