140.5234375,150.6367645263672,12.966644287109375,325.40093994140625,0.8420087099075317
49.559322357177734,197.68875122070312,17.14029312133789,33.05287170410156,0.8383311629295349
131.6305389404297,159.56362915039062,17.9384765625,265.751220703125,0.835608959197998
634.28173828125,88.80178833007812,10.406005859375,347.61767578125,0.8275146484375
629.1285400390625,70.48117065429688,6.6041259765625,422.5357971191406,0.8169935345649719
551.388671875,120.71571350097656,7.04736328125,429.10797119140625,0.8142766356468201
635.7605590820312,77.14409637451172,7.12200927734375,401.64813232421875,0.8119621276855469
548.5999755859375,114.31832122802734,11.36810302734375,388.5849609375,0.8064683675765991
515.8550415039062,224.52102661132812,13.05084228515625,355.6014709472656,0.7727940082550049
627.0382080078125,90.86457061767578,6.32354736328125,425.41619873046875,0.7692683339118958
