47.866268157958984,193.3024444580078,18.919734954833984,30.642242431640625,0.9251912236213684
239.80548095703125,185.1433563232422,15.74432373046875,28.551467895507812,0.8461194038391113
281.4415283203125,153.8483428955078,9.05328369140625,354.6751708984375,0.8353526592254639
503.219970703125,126.16403198242188,8.54852294921875,415.8544006347656,0.8259427547454834
230.48297119140625,185.17974853515625,15.556686401367188,29.106597900390625,0.8230729699134827
628.757568359375,78.91838836669922,7.2237548828125,423.69415283203125,0.8117251396179199
634.1080322265625,97.24901580810547,10.44879150390625,311.6529541015625,0.8053558468818665
80.4133529663086,192.81617736816406,18.54291534423828,33.93214416503906,0.7982052564620972
587.9603271484375,115.03376770019531,9.43621826171875,414.2337646484375,0.7957946062088013
66.97943115234375,192.02101135253906,19.736526489257812,34.545257568359375,0.7772967219352722
