436.4561462402344,182.80897521972656,16.829315185546875,34.269683837890625,0.8315123319625854
567.7478637695312,99.50904083251953,8.82965087890625,409.55267333984375,0.825594961643219
110.29165649414062,135.38571166992188,11.738296508789062,326.0934143066406,0.8215011954307556
73.98367309570312,169.075927734375,23.22052001953125,226.76736450195312,0.8011670708656311
568.8259887695312,122.27973175048828,6.453857421875,436.32049560546875,0.7947232723236084
630.4248657226562,78.18402099609375,5.88482666015625,420.89471435546875,0.7935252785682678
635.1275024414062,80.95710754394531,9.22430419921875,380.9102783203125,0.7923867702484131
37.219886779785156,184.55654907226562,28.97197723388672,48.8675537109375,0.7769722938537598
118.89054870605469,172.56167602539062,28.022689819335938,78.20449829101562,0.776314914226532
631.8445434570312,89.52173614501953,5.2882080078125,443.62994384765625,0.7723440527915955
