473.38189697265625,163.09017944335938,16.238525390625,36.8927001953125,0.8942515254020691
410.23138427734375,163.38563537597656,40.32867431640625,33.66883850097656,0.8466939330101013
71.941650390625,136.2227783203125,18.406982421875,248.43954467773438,0.8310502767562866
594.4849853515625,93.68856048583984,6.26348876953125,409.46026611328125,0.8070535063743591
102.34770202636719,138.6614532470703,12.592063903808594,313.7337646484375,0.804007887840271
536.7212524414062,114.26150512695312,6.66363525390625,418.3733215332031,0.8032317757606506
634.9343872070312,68.46983337402344,3.79693603515625,448.46649169921875,0.7945436239242554
616.0735473632812,95.44686126708984,8.86260986328125,280.21734619140625,0.7825756669044495
637.678466796875,70.76947784423828,3.46136474609375,459.33148193359375,0.7773385643959045
581.0685424804688,-66.91183471679688,9.37115478515625,397.6371154785156,0.7753791809082031
