498.0145263671875,178.0035400390625,17.118408203125,40.51239013671875,0.987883985042572
434.0311279296875,183.24176025390625,15.00604248046875,29.801620483398438,0.8575574159622192
464.77984619140625,124.14361572265625,7.683349609375,392.97235107421875,0.8229300379753113
629.7727661132812,-35.74567794799805,19.62506103515625,343.86419677734375,0.8225834965705872
466.36285400390625,184.80609130859375,15.674652099609375,33.153045654296875,0.8143675327301025
110.9634780883789,124.24178314208984,15.292381286621094,293.62939453125,0.8082446455955505
591.8924560546875,93.84846496582031,7.19927978515625,419.7940673828125,0.8048675656318665
389.505859375,104.10517120361328,12.20989990234375,362.9278869628906,0.798949122428894
589.1669921875,148.47647094726562,21.89874267578125,165.67886352539062,0.7986050248146057
526.7591552734375,179.4682159423828,21.7730712890625,45.761444091796875,0.7864857912063599
