485.79205322265625,169.83482360839844,16.121429443359375,40.14727783203125,0.8918370008468628
447.0419921875,119.89302825927734,8.4892578125,392.7358703613281,0.8374950885772705
629.2179565429688,66.56147003173828,6.69549560546875,422.97113037109375,0.8279266357421875
488.2419128417969,168.6394805908203,17.857147216796875,43.67955017089844,0.8238381147384644
602.0593872070312,91.3388442993164,6.55889892578125,426.9385681152344,0.8211327791213989
510.1835632324219,170.32345581054688,19.329254150390625,45.94819641113281,0.8145381808280945
388.54595947265625,107.37139892578125,12.179473876953125,349.28460693359375,0.8141153454780579
99.25640869140625,120.2246322631836,18.038467407226562,296.2001647949219,0.8019155263900757
634.9786987304688,104.20573425292969,8.9400634765625,281.58953857421875,0.7991660833358765
98.38832092285156,137.4535675048828,12.495399475097656,323.295166015625,0.796417772769928
