539.823974609375,175.2381134033203,19.7962646484375,51.29393005371094,0.9850161075592041
506.56787109375,180.2297821044922,17.2252197265625,40.94541931152344,0.8555659651756287
516.2054443359375,113.66374969482422,7.183349609375,419.3641357421875,0.8235628008842468
346.4697265625,179.36517333984375,12.92840576171875,25.984146118164062,0.8185104131698608
506.8332214355469,184.69044494628906,20.002166748046875,45.64512634277344,0.8167387843132019
586.18505859375,94.90263366699219,7.1722412109375,414.98175048828125,0.8123903870582581
31.617877960205078,179.78887939453125,27.702945709228516,58.03514099121094,0.7886334657669067
49.74150848388672,178.04103088378906,28.696746826171875,50.31123352050781,0.7760096192359924
634.775634765625,75.7972640991211,4.4122314453125,453.5303649902344,0.7699898481369019
17.162708282470703,174.52566528320312,26.46369171142578,68.41229248046875,0.7618301510810852
