552.9476318359375,188.97340393066406,17.66827392578125,48.30230712890625,0.9827568531036377
583.550537109375,191.0179443359375,20.40118408203125,51.70460510253906,0.8618400692939758
578.2359619140625,188.0514678955078,21.31915283203125,52.46302795410156,0.841462254524231
497.80023193359375,190.86573791503906,17.59698486328125,38.20172119140625,0.8310731649398804
490.5307312011719,112.84343719482422,7.788787841796875,413.7708740234375,0.8295818567276001
78.82058715820312,178.6339111328125,28.635658264160156,85.70147705078125,0.7981642484664917
511.2031555175781,192.99179077148438,16.777252197265625,41.22331237792969,0.783903956413269
191.78871154785156,186.64926147460938,11.40869140625,26.143829345703125,0.7836871147155762
630.1285400390625,-61.436405181884766,19.36822509765625,389.9873962402344,0.7818701863288879
14.35902214050293,179.48452758789062,28.82758140563965,89.61276245117188,0.7805101871490479
