72.60316467285156,180.41954040527344,13.664756774902344,32.591461181640625,0.9800249934196472
145.98687744140625,137.90628051757812,13.471755981445312,340.197265625,0.8339415192604065
635.18798828125,89.20038604736328,4.96588134765625,448.06585693359375,0.8245314359664917
76.49742889404297,185.9456024169922,22.51258087158203,86.70817565917969,0.8227923512458801
87.07012939453125,146.68458557128906,26.549476623535156,274.86517333984375,0.8142828941345215
380.509521484375,147.31768798828125,12.05377197265625,363.5728759765625,0.8138822913169861
401.85150146484375,106.53914642333984,11.528076171875,359.3641052246094,0.8129910230636597
272.8092041015625,156.6226043701172,24.739471435546875,243.9989776611328,0.8107302188873291
636.6115112304688,58.610931396484375,6.18646240234375,418.6616516113281,0.7906913757324219
609.6021728515625,140.45132446289062,23.221435546875,229.73281860351562,0.7833908796310425
