131.04678344726562,141.8712158203125,11.781585693359375,331.53887939453125,0.8238474130630493
58.5279541015625,188.62435913085938,17.543434143066406,35.4097900390625,0.8178884983062744
485.8941955566406,125.3543472290039,9.686981201171875,406.7437438964844,0.8112121224403381
475.6150817871094,37.16365051269531,34.754547119140625,235.52088928222656,0.8037503957748413
485.7272033691406,178.9898223876953,19.734100341796875,80.57377624511719,0.7973363399505615
440.75274658203125,128.195068359375,17.08221435546875,337.423095703125,0.795565128326416
493.2852478027344,93.2802734375,49.675445556640625,159.88861083984375,0.7875736951828003
52.83966827392578,150.0780792236328,20.408126831054688,239.71287536621094,0.7850884199142456
630.83056640625,163.3157196044922,13.6446533203125,177.67811584472656,0.7831252813339233
44.82343673706055,187.9600372314453,18.566539764404297,36.00640869140625,0.7827640771865845
