557.7977905273438,157.4218292236328,22.408447265625,52.01179504394531,0.8297806978225708
624.15478515625,150.89956665039062,14.1441650390625,71.4302978515625,0.8258300423622131
610.0625,153.65478515625,21.995849609375,63.37251281738281,0.8027356266975403
602.43359375,161.73434448242188,21.561279296875,62.26524353027344,0.7886521220207214
541.0340576171875,115.7933349609375,7.0894775390625,425.43865966796875,0.7812904119491577
190.3823699951172,100.15946197509766,12.803298950195312,338.8983154296875,0.7717371582984924
603.3006591796875,93.96575164794922,6.09649658203125,409.95068359375,0.7595269680023193
199.54104614257812,136.03858947753906,9.384963989257812,352.85333251953125,0.7573692202568054
637.880859375,38.59392547607422,3.919921875,444.85369873046875,0.7456002235412598
637.3779296875,88.29175567626953,3.3739013671875,458.76153564453125,0.7434208989143372
