134.82435607910156,190.6891632080078,14.324981689453125,28.090133666992188,0.837628960609436
105.57977294921875,139.12249755859375,12.911605834960938,326.2736511230469,0.8112280964851379
346.80694580078125,130.94178771972656,11.9183349609375,378.35028076171875,0.8050464987754822
633.6204223632812,132.36795043945312,10.105712890625,221.87255859375,0.7978363633155823
563.8964233398438,110.77132415771484,8.16162109375,388.3330993652344,0.7882421016693115
52.205474853515625,149.44839477539062,20.937118530273438,237.57855224609375,0.7857176661491394
340.3645324707031,183.00445556640625,14.61273193359375,26.27532958984375,0.7627260684967041
635.7673950195312,99.67295837402344,4.88140869140625,453.499755859375,0.7608126997947693
637.6107788085938,50.92095947265625,4.49041748046875,452.2826232910156,0.7599449157714844
434.2395324707031,101.4948501586914,75.17196655273438,145.32217407226562,0.74802565574646
