520.5607299804688,181.02769470214844,22.28662109375,59.842193603515625,0.9913383722305298
155.9379425048828,187.6138153076172,14.772872924804688,27.234390258789062,0.937950611114502
630.8182373046875,-22.010936737060547,17.433837890625,356.8560791015625,0.8473188281059265
178.0654754638672,185.5283660888672,14.771072387695312,26.526153564453125,0.8234135508537292
179.160400390625,135.67225646972656,10.414047241210938,351.543701171875,0.8137152194976807
466.0977478027344,118.71041107177734,8.715911865234375,404.2419738769531,0.8070570826530457
615.2479248046875,95.82128143310547,6.28912353515625,445.199462890625,0.8043164610862732
394.13104248046875,188.10641479492188,13.1280517578125,27.142684936523438,0.7995723485946655
505.18603515625,225.2281951904297,13.8076171875,360.33056640625,0.7984173893928528
611.8242797851562,98.82532501220703,10.57196044921875,361.346923828125,0.7910622358322144
