581.2135009765625,98.33088684082031,7.00054931640625,397.214111328125,0.8530915379524231
462.43365478515625,228.6857147216797,12.355438232421875,325.59716796875,0.8225476145744324
414.1195373535156,94.75704956054688,12.203887939453125,305.6910400390625,0.8222581148147583
160.01268005371094,166.18910217285156,16.61114501953125,37.31251525878906,0.8162631392478943
632.3961791992188,81.67828369140625,5.67877197265625,427.0458068847656,0.8136082887649536
481.887451171875,116.65008544921875,8.366302490234375,408.65185546875,0.8060038685798645
591.5531616210938,107.97693634033203,9.447265625,286.5810852050781,0.7919999361038208
568.265380859375,-38.72577667236328,15.0992431640625,345.6807861328125,0.7917882204055786
93.84185028076172,116.76499938964844,22.914161682128906,300.42529296875,0.7888385653495789
38.2911262512207,167.63136291503906,27.546833038330078,66.22332763671875,0.7867385149002075
