503.5914306640625,194.8557891845703,20.37530517578125,52.355224609375,0.9932364821434021
376.249267578125,127.87051391601562,10.971832275390625,389.4292907714844,0.8235487937927246
629.9409790039062,175.82225036621094,9.97247314453125,97.64607238769531,0.8207912445068359
622.9495849609375,93.59959411621094,8.46331787109375,390.3114013671875,0.8194373250007629
532.2643432617188,187.22247314453125,11.18011474609375,405.74249267578125,0.8149062991142273
630.864990234375,-59.27738952636719,17.6190185546875,402.0302734375,0.8107888698577881
521.87109375,115.88177490234375,11.20849609375,383.71685791015625,0.8091563582420349
611.3016357421875,-81.71299743652344,30.86724853515625,355.10052490234375,0.792073667049408
637.5237426757812,105.80548095703125,4.43731689453125,450.78277587890625,0.7919526696205139
634.7596435546875,81.79061126708984,6.3826904296875,432.9336242675781,0.7872473001480103
