537.594482421875,202.6489715576172,22.71142578125,57.20033264160156,0.9897823333740234
206.68304443359375,202.90988159179688,13.769912719726562,23.38360595703125,0.8560370802879333
366.9880676269531,139.7110137939453,11.46087646484375,372.14959716796875,0.827508270740509
568.9741821289062,180.3686981201172,9.181884765625,421.5162353515625,0.8213882446289062
569.260986328125,108.37752532958984,9.5531005859375,411.1985168457031,0.8075694441795349
628.8426513671875,164.0324249267578,16.9234619140625,173.44105529785156,0.795276939868927
637.7202758789062,110.28433990478516,4.09100341796875,450.2966003417969,0.7859910130500793
627.3690185546875,80.40419006347656,7.1824951171875,415.7208251953125,0.7803592085838318
534.8557739257812,207.9573516845703,21.16033935546875,52.40071105957031,0.7768906950950623
619.305908203125,99.79277801513672,10.2567138671875,398.00518798828125,0.7754687666893005
