483.31005859375,187.91546630859375,23.429718017578125,51.790924072265625,0.8957954049110413
465.9166259765625,123.68206787109375,8.621978759765625,397.1246337890625,0.8273206949234009
464.1671447753906,195.63726806640625,22.190765380859375,44.1767578125,0.8123467564582825
147.1658172607422,137.65347290039062,11.56195068359375,343.62774658203125,0.7916281223297119
588.3263549804688,95.59053802490234,7.498046875,419.5919494628906,0.7915379405021667
563.6469116210938,182.27943420410156,25.44915771484375,58.19856262207031,0.786332368850708
563.4690551757812,185.89601135253906,8.54425048828125,408.62933349609375,0.7815157771110535
154.9332733154297,123.75526428222656,13.958328247070312,309.982177734375,0.7787333726882935
506.92144775390625,93.59257507324219,8.90081787109375,399.6839599609375,0.7749925255775452
604.9143676757812,179.4703369140625,24.61676025390625,67.87190246582031,0.7698271870613098
