536.8609619140625,176.64556884765625,10.000244140625,408.0833740234375,0.83184814453125
564.2648315429688,102.42606353759766,8.74237060546875,402.9231872558594,0.8289600610733032
211.47720336914062,190.34059143066406,17.762420654296875,35.26539611816406,0.8210399746894836
390.44476318359375,122.79932403564453,10.182861328125,386.989990234375,0.8142390847206116
632.744873046875,91.18912506103516,6.3773193359375,438.2619323730469,0.7935595512390137
87.10726928710938,135.5437469482422,13.010177612304688,332.5220947265625,0.7795672416687012
630.9126586914062,173.2246856689453,11.53680419921875,112.67552185058594,0.7787097096443176
508.5469055175781,92.48784637451172,8.811859130859375,403.86419677734375,0.7781417965888977
517.3571166992188,189.66627502441406,16.08013916015625,29.561325073242188,0.7706567645072937
205.7310791015625,193.2129364013672,17.86285400390625,35.77044677734375,0.7661646604537964
