299.6020812988281,185.43470764160156,16.2958984375,29.890365600585938,0.9089691638946533
628.3814086914062,74.9873275756836,6.9581298828125,417.6243896484375,0.8172264695167542
541.8547973632812,204.93170166015625,10.86773681640625,385.4638671875,0.8161895871162415
493.7427062988281,120.5588607788086,8.173614501953125,410.8971252441406,0.8160731792449951
298.9840087890625,189.9070281982422,15.5203857421875,30.49615478515625,0.811774730682373
559.8243408203125,102.68275451660156,9.41986083984375,403.31396484375,0.8115416169166565
112.6828842163086,142.77899169921875,12.618179321289062,333.08837890625,0.8114885687828064
297.5241394042969,138.17144775390625,16.348480224609375,219.99868774414062,0.7998146414756775
516.7957153320312,92.01612091064453,8.843994140625,404.57403564453125,0.7933984994888306
133.40150451660156,130.27842712402344,19.042617797851562,308.42730712890625,0.7870811223983765
