465.0713806152344,125.19087219238281,8.54156494140625,398.758056640625,0.8160746097564697
131.40396118164062,145.83380126953125,11.66607666015625,331.8204650878906,0.8112983703613281
530.8053588867188,119.167724609375,10.55291748046875,373.0597839355469,0.8031525015830994
463.5809631347656,254.7914276123047,20.795440673828125,312.16204833984375,0.7915675044059753
631.4691772460938,81.5639419555664,5.50970458984375,438.0918884277344,0.7611023187637329
493.717529296875,104.4492416381836,9.91790771484375,386.9123840332031,0.7500209212303162
88.54000854492188,153.7071075439453,17.192100524902344,262.33447265625,0.740885853767395
631.7908935546875,65.90695190429688,11.48193359375,380.9020080566406,0.7286713123321533
26.28460693359375,198.385498046875,18.532630920410156,31.473892211914062,0.7195774912834167
31.961532592773438,198.81137084960938,17.147300720214844,30.14862060546875,0.7172165513038635
