228.4864959716797,189.0482177734375,15.778274536132812,28.87701416015625,0.8588846921920776
557.1658325195312,108.001953125,8.752685546875,389.5230712890625,0.8302523493766785
104.58073425292969,144.3961639404297,14.110893249511719,317.8939208984375,0.8285797834396362
420.4028015136719,124.21794891357422,8.859619140625,392.07470703125,0.821308434009552
526.0951538085938,195.27056884765625,9.48419189453125,385.95172119140625,0.8087842464447021
624.328125,162.1284942626953,14.50860595703125,90.78298950195312,0.8064308166503906
233.50694274902344,191.2767791748047,14.58282470703125,26.869720458984375,0.7936193346977234
630.4494018554688,158.11648559570312,9.23822021484375,93.08181762695312,0.7924434542655945
77.16902923583984,143.78167724609375,20.220985412597656,265.8091125488281,0.7799497842788696
636.6390380859375,88.4508285522461,4.029052734375,457.0912780761719,0.7784785628318787
