484.2729187011719,156.7746124267578,41.173614501953125,107.09956359863281,0.9972454309463501
15.9263916015625,170.92874145507812,63.87882995605469,44.50933837890625,0.9096539616584778
114.41853332519531,130.55450439453125,17.161224365234375,274.60284423828125,0.8790397644042969
615.409423828125,88.8968505859375,8.33489990234375,351.999267578125,0.8711238503456116
522.7021484375,16.217966079711914,38.22369384765625,253.7076873779297,0.8671889305114746
199.5722198486328,144.89767456054688,9.967422485351562,330.0496826171875,0.8564490079879761
543.9251098632812,100.41482543945312,10.26611328125,382.5721435546875,0.8560299277305603
383.3124084472656,174.36505126953125,14.582000732421875,64.41769409179688,0.8472180366516113
627.6222534179688,70.78724670410156,10.91192626953125,337.59820556640625,0.8423832058906555
572.243408203125,119.95806884765625,5.57427978515625,421.8358154296875,0.8417190313339233
