542.7904052734375,180.44921875,20.56378173828125,46.50201416015625,0.9279834032058716
317.5273132324219,191.31118774414062,13.009735107421875,21.142959594726562,0.8768398761749268
505.03277587890625,213.21145629882812,13.5172119140625,371.4690856933594,0.8286550045013428
566.3757934570312,102.26873779296875,9.332763671875,409.81890869140625,0.8217391967773438
497.8425598144531,121.7186050415039,8.888031005859375,416.6039733886719,0.8214719891548157
264.63916015625,131.09129333496094,9.412506103515625,370.25213623046875,0.7976652383804321
627.557861328125,177.50003051757812,13.33941650390625,98.15576171875,0.7890893816947937
615.0556030273438,98.69280242919922,9.12115478515625,400.461181640625,0.7832152247428894
635.7396240234375,89.3429946899414,4.63238525390625,450.9036560058594,0.7829970717430115
561.5545043945312,121.07159423828125,14.515380859375,268.1316833496094,0.7795295119285583
