419.1923522949219,180.618408203125,33.922515869140625,82.0072021484375,0.9812265634536743
316.1203308105469,193.50367736816406,13.993927001953125,23.302536010742188,0.9639967083930969
553.0847778320312,106.19136047363281,11.1851806640625,408.90081787109375,0.8475742936134338
402.2570495605469,127.3203125,11.242584228515625,389.58258056640625,0.8137826323509216
126.24111938476562,141.9588623046875,12.614349365234375,331.1900634765625,0.8123449683189392
418.61517333984375,184.71568298339844,21.947723388671875,57.465240478515625,0.8012486696243286
450.4031982421875,215.69577026367188,19.43194580078125,356.2868347167969,0.7935747504234314
312.6568603515625,194.8773651123047,13.1492919921875,23.260223388671875,0.7915616631507874
631.2549438476562,119.42215728759766,14.41693115234375,274.8842468261719,0.7762718796730042
636.1214599609375,86.88832092285156,4.49407958984375,453.34307861328125,0.7702460289001465
