492.026123046875,164.22055053710938,51.68719482421875,146.15933227539062,0.991969883441925
379.8623962402344,191.60736083984375,15.7503662109375,29.954879760742188,0.881117045879364
628.1893310546875,116.98408508300781,14.98150634765625,380.67486572265625,0.8763043880462646
496.4782409667969,185.03627014160156,28.666351318359375,83.48258972167969,0.8531615138053894
492.7784729003906,119.91732788085938,8.145355224609375,410.0626525878906,0.8297733068466187
634.498046875,-78.87024688720703,10.649169921875,426.16424560546875,0.8278862833976746
610.5897827148438,94.22285461425781,6.56610107421875,441.93841552734375,0.8209211826324463
481.5995788574219,171.73776245117188,65.84432983398438,156.98233032226562,0.8164955377578735
199.93551635742188,136.3665313720703,10.25347900390625,354.48443603515625,0.8070436716079712
52.80078887939453,175.95120239257812,28.937705993652344,86.94757080078125,0.8054571151733398
