298.55322265625,200.54232788085938,12.76458740234375,28.145523071289062,0.8490459322929382
530.0570068359375,121.52064514160156,8.19439697265625,428.048583984375,0.8221853375434875
594.1854248046875,101.99894714355469,7.40771484375,421.75787353515625,0.8037424087524414
629.7118530273438,88.70542907714844,7.8699951171875,436.97662353515625,0.7920253872871399
209.93902587890625,135.76760864257812,10.491744995117188,366.185302734375,0.7909137606620789
445.0257568359375,203.1896209716797,21.037445068359375,38.94258117675781,0.7896761894226074
301.7757568359375,205.31170654296875,13.275482177734375,23.628631591796875,0.7802228331565857
628.4171752929688,181.39959716796875,12.74310302734375,97.57455444335938,0.7770411968231201
294.8426818847656,212.09793090820312,14.902252197265625,27.324249267578125,0.7669686675071716
552.124755859375,92.82013702392578,7.704833984375,419.85308837890625,0.763484001159668
