533.5452270507812,186.6986541748047,22.197265625,54.43620300292969,0.9923602938652039
528.160888671875,184.0177001953125,19.17529296875,52.69110107421875,0.8371142745018005
521.5933837890625,116.65119934082031,7.5750732421875,421.50115966796875,0.8227573037147522
123.60820770263672,141.06532287597656,29.090248107910156,149.52769470214844,0.8145888447761536
583.8231201171875,189.58413696289062,21.56719970703125,57.519012451171875,0.8137612342834473
629.5130615234375,171.85292053222656,10.0579833984375,91.63603210449219,0.7963284254074097
573.906005859375,99.6477279663086,7.54351806640625,404.814697265625,0.7960690855979919
509.29437255859375,193.69732666015625,20.7281494140625,50.373016357421875,0.788308322429657
599.5740356445312,162.19801330566406,25.357177734375,147.1867218017578,0.7813027501106262
579.32080078125,186.49276733398438,23.5299072265625,56.14398193359375,0.780261754989624
