463.7130126953125,160.26422119140625,26.728729248046875,56.60777282714844,0.9363496899604797
420.59649658203125,156.93296813964844,25.178924560546875,50.39643859863281,0.8809020519256592
539.7177734375,117.29304504394531,6.00341796875,413.9996337890625,0.8544959425926208
133.33416748046875,120.57011413574219,12.750350952148438,303.225830078125,0.8505301475524902
635.2124633789062,87.60563659667969,8.55511474609375,315.564208984375,0.8397530317306519
384.58465576171875,153.90948486328125,23.92889404296875,50.742340087890625,0.827692985534668
579.3948974609375,98.10055541992188,7.4664306640625,407.5526428222656,0.8250489830970764
632.9634399414062,81.87474060058594,6.87579345703125,409.81915283203125,0.8213882446289062
637.0572509765625,93.98002624511719,4.86962890625,437.93341064453125,0.7985514998435974
555.9026489257812,202.74720764160156,8.75408935546875,381.04461669921875,0.7952244281768799
