435.3106994628906,167.13558959960938,18.65289306640625,52.440460205078125,0.9255176782608032
466.7877197265625,165.220947265625,19.502410888671875,53.361053466796875,0.846344530582428
636.9306640625,92.71504211425781,5.05999755859375,440.99371337890625,0.8235141038894653
500.68670654296875,112.33484649658203,7.5927734375,413.9580078125,0.8165251612663269
193.2891082763672,135.24560546875,10.209548950195312,352.482421875,0.8005670309066772
422.5975341796875,173.66954040527344,19.289093017578125,44.235687255859375,0.7991766333580017
588.2605590820312,97.62947845458984,6.87445068359375,412.0483093261719,0.7984041571617126
498.2948303222656,149.09219360351562,20.314910888671875,59.44136047363281,0.7897316217422485
629.864990234375,76.33834075927734,6.330810546875,422.9809265136719,0.7886722683906555
229.6077880859375,186.1084747314453,26.093032836914062,61.00091552734375,0.7792971134185791
