531.2904663085938,157.09158325195312,30.53973388671875,91.37966918945312,0.9429457783699036
452.33544921875,112.43133544921875,8.0020751953125,395.6285400390625,0.8118958473205566
545.19580078125,104.01426696777344,8.21734619140625,373.5311279296875,0.8074795007705688
506.73870849609375,161.27865600585938,27.47662353515625,76.84292602539062,0.8020519614219666
580.2430419921875,171.52255249023438,7.02935791015625,418.9734802246094,0.8013479113578796
153.87451171875,134.7522735595703,11.185623168945312,338.9805908203125,0.791342556476593
630.2034301757812,68.49913024902344,5.96063232421875,423.58026123046875,0.7794037461280823
56.56060791015625,178.1212921142578,27.290138244628906,49.13604736328125,0.7765514254570007
636.7828369140625,75.01155853271484,3.5687255859375,456.5938415527344,0.7760924696922302
631.8433227539062,72.72308349609375,4.9176025390625,440.52325439453125,0.7669138312339783
