629.0081787109375,148.19705200195312,11.12158203125,143.57077026367188,0.8615169525146484
596.7520751953125,162.23223876953125,28.8544921875,122.4327392578125,0.8589990139007568
556.99462890625,165.9315185546875,36.2825927734375,111.44143676757812,0.8509937524795532
574.8231811523438,165.228515625,7.11846923828125,419.4256591796875,0.811204195022583
629.8191528320312,58.074790954589844,5.97509765625,428.31158447265625,0.8098265528678894
329.80633544921875,122.13113403320312,11.164764404296875,371.5962219238281,0.8094320297241211
50.37590789794922,182.22042846679688,29.95819091796875,62.08097839355469,0.8026658892631531
34.439964294433594,180.62991333007812,28.212974548339844,63.50016784667969,0.8006404042243958
532.135986328125,167.55355834960938,30.1480712890625,89.36264038085938,0.7902112603187561
635.269287109375,175.64346313476562,4.3807373046875,448.6864318847656,0.7875655293464661
