252.32049560546875,138.18112182617188,13.161651611328125,349.2462158203125,0.8361884951591492
627.5386962890625,64.47068786621094,6.85040283203125,421.462890625,0.8300596475601196
420.3725891113281,201.70936584472656,13.683929443359375,360.80108642578125,0.8151837587356567
13.903043746948242,197.56008911132812,30.58219337463379,62.93182373046875,0.8105776309967041
629.7986450195312,143.27432250976562,10.27203369140625,150.01641845703125,0.8093398809432983
635.7658081054688,114.31211853027344,6.8040771484375,431.55255126953125,0.8071082234382629
634.6287841796875,181.14625549316406,4.87738037109375,444.5809326171875,0.8006492257118225
298.6651611328125,162.13665771484375,18.7470703125,260.91241455078125,0.7999131083488464
388.3476257324219,105.64591979980469,14.014739990234375,368.640625,0.7994608283042908
636.1828002929688,80.70004272460938,4.19390869140625,457.9409484863281,0.7938511967658997
