511.8530578613281,151.7648468017578,33.033599853515625,101.68013000488281,0.8998576402664185
503.3641052246094,155.33999633789062,32.208038330078125,98.04661560058594,0.8861345648765564
359.76995849609375,128.14743041992188,9.19305419921875,364.7813720703125,0.8390380144119263
629.923828125,64.69984436035156,5.97900390625,423.6043701171875,0.8251281976699829
627.0333251953125,-3.5007619857788086,24.01800537109375,376.5541076660156,0.8163318634033203
635.34716796875,79.46980285644531,4.4976806640625,452.18701171875,0.8127669095993042
622.7863159179688,90.34593963623047,7.41973876953125,419.31463623046875,0.7942262887954712
540.509765625,170.62709045410156,7.94842529296875,409.4237060546875,0.7924333810806274
478.5069580078125,156.60716247558594,27.1102294921875,76.58137512207031,0.7818335294723511
456.69647216796875,102.8310546875,11.08648681640625,381.6641845703125,0.7783814668655396
