441.96014404296875,125.12505340576172,8.42132568359375,388.58331298828125,0.8145675659179688
581.2041625976562,166.83009338378906,6.929443359375,424.30987548828125,0.7973085045814514
506.9043273925781,127.44143676757812,10.927581787109375,350.2109375,0.7865411639213562
150.8271484375,134.65306091308594,11.297088623046875,350.02532958984375,0.7786728143692017
636.7716064453125,84.13214111328125,3.7940673828125,457.8740234375,0.777117133140564
631.0711059570312,79.1403579711914,5.3863525390625,441.8059997558594,0.7679556608200073
505.65118408203125,96.52342987060547,9.4229736328125,398.3565673828125,0.7574574947357178
141.82583618164062,135.59768676757812,13.514389038085938,286.1122741699219,0.7531771659851074
635.6498413085938,181.13563537597656,4.283203125,448.23260498046875,0.7491469383239746
390.4957275390625,162.12681579589844,24.8382568359375,134.2668914794922,0.7402192950248718
