460.6025695800781,129.5135955810547,8.213592529296875,392.33935546875,0.8121867179870605
568.5049438476562,111.39540100097656,8.9554443359375,404.42626953125,0.7715670466423035
590.0305786132812,173.29563903808594,6.67034912109375,424.002197265625,0.7651740312576294
128.371826171875,139.75225830078125,12.021209716796875,350.16094970703125,0.7504257559776306
506.8226318359375,122.48216247558594,20.9271240234375,217.16285705566406,0.7497544884681702
636.6893920898438,177.91409301757812,3.59283447265625,453.2724914550781,0.7421794533729553
130.1192169189453,138.7681427001953,14.02630615234375,291.40057373046875,0.7365731000900269
490.6553955078125,106.44931030273438,10.270538330078125,395.2394104003906,0.7338932752609253
632.4278564453125,79.06053161621094,5.41876220703125,447.78863525390625,0.725590169429779
498.8040466308594,139.80540466308594,29.787506103515625,108.91145324707031,0.7211390137672424
