387.7835693359375,136.2259521484375,9.49969482421875,367.99517822265625,0.8108275532722473
576.2998657226562,168.07339477539062,7.4447021484375,423.4383239746094,0.8095679879188538
635.5772705078125,84.65290832519531,4.5404052734375,453.20477294921875,0.8065853118896484
469.8267822265625,131.55299377441406,12.57598876953125,335.676513671875,0.7762832045555115
635.54296875,174.7584991455078,4.2686767578125,452.03704833984375,0.7736169099807739
90.05068969726562,151.93319702148438,12.376533508300781,315.2166442871094,0.7660019397735596
634.7049560546875,79.33194732666016,8.3392333984375,377.1928405761719,0.7613652944564819
270.19818115234375,179.4713134765625,29.402618408203125,96.9407958984375,0.7542806267738342
633.6915893554688,111.77853393554688,10.97467041015625,295.96173095703125,0.7531209588050842
630.5797729492188,79.64102172851562,5.6341552734375,439.7643737792969,0.7526007294654846
