511.9278564453125,171.59693908691406,20.6973876953125,49.07586669921875,0.8477268218994141
455.5389709472656,126.67344665527344,7.7789306640625,387.75897216796875,0.8206239938735962
515.1212768554688,173.538330078125,21.63629150390625,49.28724670410156,0.8066176176071167
631.296875,60.62849426269531,5.3525390625,429.49627685546875,0.8019868731498718
578.634033203125,169.720947265625,6.95684814453125,421.117919921875,0.7886211276054382
636.2683715820312,175.1070098876953,3.6949462890625,453.9632568359375,0.7811198830604553
574.3059692382812,166.73963928222656,23.2037353515625,54.76837158203125,0.7805525064468384
539.7232666015625,121.86621856689453,9.697265625,371.75384521484375,0.776954710483551
103.16682434082031,142.5157470703125,11.418441772460938,329.43585205078125,0.7692346572875977
637.157958984375,85.14813232421875,3.4765625,459.91522216796875,0.7667773365974426
