19.79241180419922,200.5955352783203,24.994216918945312,52.52076721191406,0.8560856580734253
568.1041259765625,184.34805297851562,21.259521484375,58.87300109863281,0.8406273722648621
416.3371276855469,130.2288055419922,8.671966552734375,373.93115234375,0.8181436061859131
599.7493286132812,164.6208038330078,6.02850341796875,432.3367919921875,0.807074785232544
376.49969482421875,147.25604248046875,15.2781982421875,277.38128662109375,0.7706290483474731
88.15735626220703,199.86886596679688,27.784881591796875,53.62431335449219,0.7597355842590332
632.7484741210938,78.04707336425781,4.8902587890625,446.90008544921875,0.7584591507911682
31.258689880371094,199.14584350585938,28.20018768310547,51.72712707519531,0.7507387399673462
412.93975830078125,113.44552612304688,11.903839111328125,349.9434814453125,0.7464784979820251
69.0076904296875,197.1346893310547,27.901573181152344,52.61845397949219,0.7457171678543091
