406.44415283203125,201.46774291992188,14.19879150390625,367.2406921386719,0.8445500135421753
196.97174072265625,251.6164093017578,15.535354614257812,30.185501098632812,0.8331419229507446
12.796225547790527,220.10604858398438,45.692596435546875,101.30917358398438,0.791800856590271
260.0636901855469,151.9869842529297,14.38568115234375,342.926025390625,0.7914108037948608
12.824667930603027,236.18728637695312,26.37508773803711,58.2384033203125,0.7836432456970215
14.137899398803711,234.49610900878906,38.766876220703125,78.88508605957031,0.7727839350700378
17.052574157714844,231.47470092773438,29.133651733398438,63.5712890625,0.765233039855957
548.7034912109375,183.2402801513672,18.63592529296875,227.2886505126953,0.7628108263015747
4.736133575439453,231.12879943847656,31.26150131225586,78.22819519042969,0.7620052695274353
637.280029296875,161.76780700683594,4.5616455078125,461.54888916015625,0.7583379745483398
