630.3250732421875,111.19596099853516,7.5736083984375,431.1624450683594,0.8459661602973938
571.8388061523438,229.49681091308594,22.0438232421875,40.87147521972656,0.8428100347518921
299.3485107421875,161.60357666015625,13.94384765625,341.3675842285156,0.8261750340461731
507.7650146484375,199.29026794433594,12.92291259765625,396.56243896484375,0.8210789561271667
634.7841796875,91.45573425292969,6.277099609375,447.84686279296875,0.774105966091156
64.3021240234375,240.1449432373047,27.14875030517578,48.09712219238281,0.7740093469619751
597.1881713867188,191.65374755859375,26.00592041015625,141.19418334960938,0.7722985744476318
55.085418701171875,241.55914306640625,29.944175720214844,50.15704345703125,0.7419642806053162
637.4063720703125,121.74388122558594,4.76702880859375,453.53662109375,0.7371484637260437
635.0589599609375,175.3942413330078,5.080322265625,452.063232421875,0.7336766123771667
