634.720947265625,88.20277404785156,4.84368896484375,443.54315185546875,0.8405537009239197
397.1875,126.0643539428711,9.68621826171875,385.1469421386719,0.8266850709915161
630.445556640625,66.6207046508789,6.03082275390625,428.3115539550781,0.8232702016830444
583.4302978515625,103.60089111328125,7.48590087890625,409.50372314453125,0.8091057538986206
626.139404296875,87.74329376220703,7.62548828125,409.1876220703125,0.8058927059173584
570.1165161132812,174.57858276367188,8.08355712890625,420.6894836425781,0.7970961332321167
106.26708221435547,138.8795928955078,12.815528869628906,338.20513916015625,0.7847190499305725
120.76383972167969,128.89952087402344,16.117950439453125,305.392333984375,0.7754843235015869
529.6389770507812,188.1306610107422,30.565185546875,61.06477355957031,0.7707176208496094
635.677734375,55.66696548461914,7.31170654296875,401.1858825683594,0.7671613097190857
