300.7601318359375,208.7871551513672,25.890625,64.14338684082031,0.9032307267189026
295.48394775390625,202.679443359375,26.62384033203125,66.54959106445312,0.8996589183807373
493.1153564453125,184.17401123046875,25.89959716796875,145.12326049804688,0.8584938049316406
632.6173095703125,86.51023864746094,6.290283203125,443.53204345703125,0.8535732626914978
607.680908203125,86.33279418945312,10.728759765625,375.952392578125,0.8379523158073425
630.2314453125,104.43387603759766,8.30853271484375,415.3133850097656,0.8237941265106201
613.8101196289062,119.34160614013672,15.47869873046875,365.058349609375,0.810918390750885
426.54315185546875,142.18002319335938,12.13616943359375,391.0158386230469,0.8088627457618713
115.95974731445312,166.95458984375,13.319869995117188,304.6900634765625,0.7911991477012634
636.827392578125,122.1372299194336,5.72845458984375,450.3730773925781,0.7878515124320984
