260.2747802734375,185.26278686523438,60.51617431640625,161.36181640625,0.8955933451652527
497.57537841796875,185.74481201171875,12.0294189453125,394.87164306640625,0.8617265224456787
628.9429321289062,92.65228271484375,7.91046142578125,430.68096923828125,0.8543055057525635
283.114013671875,188.3118438720703,71.3870849609375,175.7608184814453,0.8352334499359131
261.6893310546875,150.1484375,14.4970703125,335.4395446777344,0.8255036473274231
541.1202392578125,122.20629119873047,17.95684814453125,299.1372375488281,0.8125672340393066
57.001922607421875,189.58657836914062,15.092002868652344,253.6806640625,0.8019725680351257
592.7228393554688,110.64173889160156,12.63360595703125,377.817626953125,0.7972891330718994
637.0184326171875,113.69732666015625,5.215576171875,449.32586669921875,0.7926163673400879
560.0725708007812,129.43301391601562,17.57366943359375,312.1349182128906,0.7781193256378174
