438.7532043457031,193.6193084716797,12.053619384765625,377.83880615234375,0.8828831911087036
578.1300048828125,108.54283142089844,57.0908203125,317.142333984375,0.8789880871772766
604.0961303710938,116.02040100097656,43.19158935546875,269.78900146484375,0.8502147197723389
559.2719116210938,97.58525848388672,86.696044921875,331.94378662109375,0.8477814793586731
119.13333129882812,171.85850524902344,22.18597412109375,282.821044921875,0.8133876323699951
632.1917114257812,174.2730255126953,6.3095703125,450.625244140625,0.7996184229850769
623.9230346679688,187.84939575195312,11.7611083984375,430.4456481933594,0.7977865934371948
569.3907470703125,171.6891632080078,22.57958984375,210.13572692871094,0.7864850759506226
543.6652221679688,131.87606811523438,16.18255615234375,273.0094909667969,0.7630613446235657
33.08460998535156,175.3690948486328,21.071044921875,283.85467529296875,0.761354923248291
