348.881103515625,175.83201599121094,93.11630249023438,209.33824157714844,0.8773237466812134
569.558837890625,114.59044647216797,23.089111328125,371.408203125,0.8700501918792725
330.69207763671875,178.67140197753906,81.97119140625,197.0200653076172,0.8642926216125488
609.047119140625,180.87387084960938,9.73193359375,453.1153869628906,0.8569543361663818
277.2683410644531,128.8986053466797,15.2237548828125,372.895263671875,0.8515814542770386
527.4815673828125,102.3031997680664,13.51812744140625,419.7781677246094,0.8512656092643738
309.79656982421875,177.03240966796875,33.4376220703125,78.8721923828125,0.8413863778114319
610.1264038085938,177.87841796875,24.9248046875,454.02117919921875,0.8368774056434631
283.4200439453125,163.71031188964844,90.239501953125,186.3825225830078,0.8361948728561401
527.62890625,193.572265625,31.1475830078125,60.51609802246094,0.8356940150260925
