535.3108520507812,184.69244384765625,15.30462646484375,33.16973876953125,0.9875345230102539
547.1288452148438,110.79927825927734,9.06597900390625,380.1612243652344,0.8330265879631042
426.2008056640625,122.3008804321289,9.041046142578125,389.3287048339844,0.8215996623039246
530.1072998046875,182.78506469726562,14.38116455078125,33.300567626953125,0.8139623999595642
115.2146987915039,135.75650024414062,11.648773193359375,338.9921569824219,0.80030757188797
630.197265625,-62.16474914550781,19.155029296875,390.515625,0.7963042855262756
615.3510131835938,98.35503387451172,8.4918212890625,357.33673095703125,0.792998194694519
627.9999389648438,180.4668426513672,12.0025634765625,84.24021911621094,0.7928923964500427
634.6898803710938,83.93663024902344,6.114501953125,420.61700439453125,0.7927120327949524
538.8451538085938,187.40377807617188,10.0426025390625,404.0951232910156,0.7783860564231873
