556.6553344726562,105.86656188964844,8.76165771484375,391.51507568359375,0.8317463994026184
567.6068725585938,164.61770629882812,7.71337890625,427.6041564941406,0.827805757522583
280.37689208984375,123.71765899658203,12.328125,363.6607666015625,0.8129584193229675
631.4185180664062,129.9045867919922,14.513427734375,275.31268310546875,0.8039318919181824
634.036376953125,84.7660140991211,6.7381591796875,418.93939208984375,0.7938735485076904
629.0341796875,82.04972839355469,7.0804443359375,424.430419921875,0.7905167937278748
439.33929443359375,100.58512878417969,11.15087890625,377.80908203125,0.7892678380012512
95.49137115478516,137.35421752929688,12.865791320800781,328.8621826171875,0.7886814475059509
89.01448059082031,124.34916687011719,16.686477661132812,295.56439208984375,0.7682299613952637
125.869873046875,174.89479064941406,24.2763671875,142.86134338378906,0.7661285400390625
