630.2106323242188,-27.11594581604004,18.4334716796875,352.1036682128906,0.872235119342804
512.67138671875,181.96478271484375,19.34478759765625,53.65873718261719,0.8708446621894836
508.2951354980469,186.81158447265625,15.757598876953125,48.22972106933594,0.8591243624687195
552.5626220703125,113.0094223022461,6.4442138671875,431.6462097167969,0.8290773630142212
368.73388671875,188.40928649902344,14.9361572265625,27.991485595703125,0.8219276070594788
327.232177734375,187.10194396972656,14.415130615234375,28.107925415039062,0.817348062992096
517.0289306640625,184.67616271972656,18.01361083984375,49.540496826171875,0.813859224319458
628.6487426757812,82.74075317382812,7.10943603515625,406.6142272949219,0.812919020652771
179.3546905517578,135.656005859375,10.634490966796875,358.972412109375,0.8018959760665894
342.6732177734375,190.91964721679688,13.85858154296875,30.736572265625,0.7935859560966492
