528.4911499023438,189.08053588867188,21.29443359375,47.48622131347656,0.8873580098152161
497.5103454589844,190.19247436523438,19.794464111328125,42.3253173828125,0.8730626106262207
513.7648315429688,191.13084411621094,19.352783203125,45.02119445800781,0.859924852848053
488.02197265625,119.67225646972656,7.65264892578125,407.587158203125,0.8389864563941956
497.7945251464844,196.0216522216797,21.385284423828125,45.8233642578125,0.815159797668457
591.886474609375,100.01959228515625,7.1187744140625,418.72906494140625,0.8105134963989258
630.4281616210938,-61.043731689453125,18.7723388671875,401.7001647949219,0.7857087850570679
99.83162689208984,135.13406372070312,11.492866516113281,341.4407653808594,0.7828420400619507
553.3663330078125,202.0919647216797,9.56109619140625,394.97021484375,0.776340663433075
461.6724853515625,193.57203674316406,14.576629638671875,32.17314147949219,0.7682754993438721
