318.34161376953125,189.25950622558594,14.424041748046875,29.334976196289062,0.9748807549476624
561.85107421875,186.7388153076172,22.220458984375,56.454681396484375,0.8713748455047607
628.9641723632812,-18.76544952392578,21.135009765625,339.2388916015625,0.8528329133987427
313.61492919921875,194.43182373046875,13.91363525390625,28.437545776367188,0.80748051404953
530.0922241210938,114.03572845458984,7.6270751953125,430.3445739746094,0.7984768748283386
581.450439453125,192.19180297851562,21.4979248046875,54.403594970703125,0.7967811226844788
540.4657592773438,201.1571807861328,13.043212890625,395.3626708984375,0.7935922145843506
546.5792236328125,144.81021118164062,19.27496337890625,190.27902221679688,0.7842525839805603
39.361541748046875,186.48782348632812,24.193801879882812,54.43702697753906,0.7636497020721436
525.1873779296875,193.00875854492188,10.77301025390625,64.3941650390625,0.7622746229171753
