156.86402893066406,191.0614776611328,16.057418823242188,29.56817626953125,0.8838862180709839
631.2940063476562,-50.460205078125,16.67803955078125,374.2574462890625,0.8310646414756775
539.1212158203125,118.61222076416016,7.53204345703125,429.7874450683594,0.8211184740066528
560.696044921875,204.46607971191406,10.37640380859375,397.49664306640625,0.8201180696487427
167.32948303222656,190.49021911621094,16.493026733398438,29.8140869140625,0.7974006533622742
162.46070861816406,195.82408142089844,15.807083129882812,29.397293090820312,0.7947840690612793
148.1107635498047,192.86061096191406,15.42486572265625,29.567962646484375,0.7944102883338928
121.46053314208984,155.1873779296875,25.993003845214844,128.09664916992188,0.7917068004608154
431.2875671386719,174.87408447265625,15.752960205078125,129.51116943359375,0.7899948954582214
634.6483154296875,81.40287017822266,6.40673828125,433.3293151855469,0.7882533669471741
