520.3998413085938,122.69670104980469,7.681884765625,418.9625244140625,0.8310904502868652
153.59609985351562,145.70169067382812,10.095016479492188,333.5371398925781,0.8055300712585449
623.0978393554688,95.52752685546875,8.27801513671875,398.0106201171875,0.8032985329627991
606.9600830078125,94.33126068115234,7.126953125,432.4346008300781,0.7927221655845642
584.8570556640625,174.1102752685547,26.63751220703125,70.22370910644531,0.779493510723114
631.9085083007812,90.94891357421875,5.22894287109375,438.91387939453125,0.7742018103599548
70.79866027832031,157.02694702148438,19.59662628173828,242.49310302734375,0.7741421461105347
475.4912109375,108.4885482788086,10.187530517578125,376.72021484375,0.7634018063545227
512.1260986328125,72.21337890625,45.8594970703125,211.31307983398438,0.7626476883888245
558.4129028320312,212.7289276123047,13.34527587890625,381.67303466796875,0.7607719898223877
