560.1710205078125,179.76025390625,20.673583984375,55.662811279296875,0.9147463440895081
535.521728515625,179.19195556640625,19.48468017578125,51.84837341308594,0.8458642363548279
631.8660888671875,72.41097259521484,5.1727294921875,419.5935363769531,0.8221732378005981
532.0555419921875,121.49916076660156,6.618408203125,416.0823974609375,0.8204725980758667
463.2018737792969,168.35507202148438,17.3270263671875,103.49453735351562,0.7915873527526855
576.447021484375,103.54582977294922,7.7974853515625,403.2411193847656,0.7914624810218811
551.18896484375,207.3743896484375,9.2646484375,378.82281494140625,0.7820106148719788
522.9386596679688,181.88987731933594,17.3831787109375,44.91105651855469,0.7804443836212158
142.47108459472656,129.13388061523438,14.393600463867188,297.7254943847656,0.7801563739776611
634.3270263671875,72.57586669921875,4.70513916015625,440.0972900390625,0.7726840972900391
