527.650634765625,185.6564483642578,20.05322265625,43.12445068359375,0.8820977210998535
630.70263671875,71.93219757080078,6.502685546875,434.76531982421875,0.8260871171951294
524.458740234375,182.2190704345703,18.5697021484375,42.770172119140625,0.8158565759658813
585.9406127929688,101.82008361816406,7.6357421875,415.69134521484375,0.8120882511138916
432.2285461425781,125.15543365478516,9.9169921875,397.9342956542969,0.8105993866920471
629.4085083007812,-39.8309326171875,20.5164794921875,364.2884521484375,0.7940356731414795
133.34657287597656,142.56320190429688,11.11053466796875,334.09698486328125,0.7875232100486755
621.4714965820312,186.3592987060547,16.056884765625,69.52644348144531,0.7852027416229248
564.4973754882812,186.08328247070312,9.67486572265625,411.9939880371094,0.7793726921081543
132.17367553710938,188.24325561523438,20.129302978515625,34.35693359375,0.7713518738746643
