210.40045166015625,180.28919982910156,16.5703125,28.951446533203125,0.821111798286438
208.04190063476562,178.9227294921875,16.5966796875,28.857620239257812,0.820554792881012
453.8304443359375,120.92839050292969,8.9666748046875,403.64764404296875,0.8143432140350342
602.3331298828125,94.17378997802734,6.602294921875,428.2254943847656,0.8106244802474976
561.8567504882812,194.2512664794922,10.44720458984375,394.40380859375,0.8095683455467224
146.59469604492188,137.76248168945312,10.820953369140625,340.35919189453125,0.8076141476631165
548.9496459960938,85.70264434814453,7.03387451171875,414.9765625,0.7899554967880249
291.27996826171875,176.1483154296875,17.51104736328125,31.43701171875,0.7788165211677551
619.5160522460938,77.24256896972656,11.156494140625,348.92431640625,0.7761796116828918
153.93063354492188,179.09327697753906,20.904449462890625,31.898941040039062,0.7713053822517395
