479.2789306640625,176.75437927246094,16.228271484375,35.28425598144531,0.8919270634651184
115.08409118652344,174.219482421875,84.52046203613281,33.39091491699219,0.8768109083175659
526.4879150390625,115.041748046875,6.65911865234375,416.43695068359375,0.8431215286254883
628.8592529296875,64.91448211669922,6.357666015625,415.3752746582031,0.8316335082054138
586.0773315429688,92.13443756103516,7.17535400390625,416.4440002441406,0.8125259280204773
154.50552368164062,138.73666381835938,10.737228393554688,341.555908203125,0.8085032105445862
152.78636169433594,117.93560028076172,13.8831787109375,310.4478759765625,0.8010576367378235
594.3731079101562,184.77978515625,8.21978759765625,414.02484130859375,0.7961796522140503
634.3756103515625,71.25611877441406,4.355224609375,450.6441650390625,0.7849372029304504
636.0497436523438,86.93604278564453,4.3031005859375,449.094482421875,0.7833479046821594
