214.105224609375,179.5547332763672,16.372909545898438,29.68609619140625,0.9419276714324951
632.9283447265625,66.39227294921875,5.8577880859375,438.8919677734375,0.8403810262680054
505.82818603515625,115.98818969726562,7.7677001953125,416.0397644042969,0.825237512588501
614.4732055664062,74.74083709716797,10.54803466796875,334.4189147949219,0.8203401565551758
567.8556518554688,207.00926208496094,9.56463623046875,389.66571044921875,0.8193233013153076
624.1610107421875,79.85853576660156,4.95379638671875,450.37542724609375,0.8192464113235474
634.2305908203125,101.08773803710938,10.30438232421875,299.14727783203125,0.8128114938735962
32.63113021850586,168.08447265625,26.240245819091797,102.09539794921875,0.800063967704773
632.4310913085938,77.12075805664062,5.20751953125,447.0513610839844,0.7947943806648254
192.78384399414062,136.86834716796875,10.058990478515625,348.6300354003906,0.7935829162597656
