629.1649169921875,-31.460466384887695,20.64837646484375,344.4140319824219,0.8415950536727905
631.7863159179688,69.02613830566406,5.325439453125,417.78125,0.8410528302192688
529.8176879882812,114.6147232055664,6.853515625,419.9590759277344,0.8368242979049683
193.5719451904297,140.7344207763672,9.884918212890625,345.65008544921875,0.8130813837051392
622.3272094726562,118.00494384765625,18.72320556640625,217.04632568359375,0.8088253736495972
601.384033203125,91.84687805175781,7.26409912109375,433.6812744140625,0.8030897378921509
575.5260620117188,186.69940185546875,10.39447021484375,416.36016845703125,0.7906960248947144
547.0322265625,84.61767578125,7.10430908203125,414.6783142089844,0.7903851270675659
19.307559967041016,185.7476043701172,21.39462661743164,37.200286865234375,0.7688620686531067
638.4810791015625,102.20845794677734,2.8515625,459.4396667480469,0.7685572504997253
