523.480712890625,170.78570556640625,27.63555908203125,62.20610046386719,0.9912716746330261
501.77886962890625,177.23394775390625,16.00799560546875,41.17982482910156,0.985169529914856
454.11187744140625,176.4320526123047,19.84967041015625,44.6890869140625,0.8808286786079407
590.2740478515625,174.13107299804688,22.189453125,56.89469909667969,0.8768545389175415
626.647705078125,-5.084481239318848,25.53057861328125,326.62567138671875,0.8332206606864929
457.87652587890625,173.7737274169922,18.05950927734375,42.02030944824219,0.8210713863372803
513.8185424804688,170.35720825195312,21.58392333984375,56.02369689941406,0.8205628395080566
563.2708129882812,118.31202697753906,5.92333984375,427.39306640625,0.8087483644485474
592.4133911132812,103.61397552490234,6.78619384765625,407.4536437988281,0.8022004961967468
631.0729370117188,70.42918395996094,5.339599609375,411.1217041015625,0.7932012677192688
