473.842041015625,173.216552734375,16.89178466796875,49.54241943359375,0.9114351868629456
426.27069091796875,173.9437255859375,17.66058349609375,41.39533996582031,0.8970193266868591
549.7046508789062,176.85345458984375,19.46697998046875,55.994781494140625,0.8622817397117615
423.4792785644531,175.10679626464844,16.655029296875,39.37113952636719,0.8517161011695862
585.8665771484375,120.55691528320312,5.28369140625,434.8801574707031,0.8115228414535522
576.0465087890625,178.38211059570312,23.9000244140625,59.89710998535156,0.8105306625366211
601.8317260742188,139.08030700683594,22.1539306640625,218.8091583251953,0.8044400811195374
240.7026824951172,108.28584289550781,11.311874389648438,346.110595703125,0.7977910041809082
605.4811401367188,91.70329284667969,5.42181396484375,423.40618896484375,0.7963311672210693
601.3983764648438,145.11666870117188,17.16217041015625,166.98336791992188,0.7914229035377502
