566.1522216796875,169.64878845214844,25.110107421875,59.66943359375,0.9931336641311646
629.8074951171875,-13.701639175415039,19.0955810546875,316.2626037597656,0.866628885269165
481.6891784667969,175.6842498779297,16.939697265625,37.52763366699219,0.8628557920455933
635.1244506835938,59.37445068359375,7.91168212890625,352.6051330566406,0.8289719223976135
628.278076171875,63.31438064575195,10.73931884765625,373.7891540527344,0.8143646121025085
492.52978515625,73.96524047851562,13.5687255859375,370.13104248046875,0.8065338730812073
574.6318969726562,121.22885131835938,5.89190673828125,435.5787658691406,0.8057000637054443
192.67784118652344,135.62393188476562,9.985198974609375,352.797607421875,0.7991736531257629
614.6550903320312,90.84125518798828,5.6640625,440.0518798828125,0.7897687554359436
150.5712432861328,127.80790710449219,13.91583251953125,305.89703369140625,0.7885640263557434
