432.5793762207031,161.95509338378906,30.244537353515625,71.26689147949219,0.9964589476585388
461.026611328125,164.07093811035156,26.74896240234375,68.3634033203125,0.9903990626335144
321.11328125,159.3751678466797,25.279388427734375,71.79150390625,0.8994805812835693
418.6781005859375,169.2130584716797,23.99298095703125,61.399749755859375,0.8941749930381775
351.1387634277344,167.79502868652344,18.1353759765625,40.12739562988281,0.8910054564476013
629.4786987304688,85.192626953125,7.6226806640625,382.09710693359375,0.8689278960227966
317.1429748535156,163.69827270507812,24.291046142578125,61.36387634277344,0.8566954731941223
611.5792846679688,168.93338012695312,6.66766357421875,442.6553039550781,0.8135325908660889
547.2772827148438,107.8375473022461,6.82904052734375,434.0033264160156,0.7965129017829895
635.3124389648438,71.50481414794922,6.03472900390625,448.2740478515625,0.7915075421333313
