436.22821044921875,159.04782104492188,21.661224365234375,51.6685791015625,0.9133636951446533
399.31646728515625,167.15354919433594,20.1158447265625,42.07960510253906,0.8659055233001709
598.5432739257812,89.87445831298828,6.0714111328125,420.9654235839844,0.8181973099708557
637.0543212890625,54.659671783447266,5.1927490234375,425.35205078125,0.8176742792129517
584.783935546875,180.04473876953125,6.9542236328125,413.149658203125,0.8092047572135925
89.62837219238281,153.1195068359375,27.039566040039062,100.66297912597656,0.808610737323761
425.2899169921875,119.42366027832031,8.890533447265625,388.944091796875,0.7980189919471741
635.5709228515625,66.1412124633789,8.07501220703125,351.6966247558594,0.7941221594810486
444.92083740234375,162.58328247070312,22.53564453125,48.72679138183594,0.7923693060874939
157.23001098632812,133.17935180664062,10.697830200195312,344.8267517089844,0.7900398969650269
