538.9859619140625,114.84024810791016,6.70684814453125,422.1452941894531,0.8263009190559387
173.015380859375,118.396240234375,13.080337524414062,322.46514892578125,0.800362765789032
626.349853515625,93.6112289428711,10.1365966796875,377.97198486328125,0.7857646346092224
626.5761108398438,-54.506778717041016,26.21319580078125,388.60821533203125,0.7747306227684021
165.80813598632812,140.63807678222656,11.55255126953125,352.135498046875,0.7692286968231201
536.2946166992188,64.14612579345703,9.017333984375,403.5274963378906,0.7645869851112366
637.4072265625,79.63075256347656,3.375732421875,462.8138427734375,0.7628531455993652
534.9783325195312,89.6231460571289,7.6873779296875,413.1112365722656,0.7578697800636292
472.7613525390625,179.22642517089844,33.89801025390625,87.59846496582031,0.7536179423332214
527.976806640625,231.36740112304688,11.84368896484375,346.2777404785156,0.7534629106521606
