438.5596008300781,170.2353973388672,14.756866455078125,31.206527709960938,0.9883536100387573
636.0070190429688,60.14226531982422,7.39483642578125,377.65380859375,0.8200123906135559
458.23126220703125,118.57306671142578,8.9400634765625,400.8818359375,0.8014751076698303
608.3564453125,87.91686248779297,6.4493408203125,432.99566650390625,0.7962601184844971
428.8375549316406,173.83151245117188,13.304290771484375,28.541610717773438,0.7910695672035217
189.38916015625,132.5026092529297,10.57928466796875,352.4771728515625,0.7906566858291626
532.19921875,173.45555114746094,19.54815673828125,78.2158203125,0.7857985496520996
28.214521408081055,177.46302795410156,25.736581802368164,57.58549499511719,0.7764979004859924
637.484619140625,52.56904983520508,4.55078125,432.4006652832031,0.7762088179588318
632.480712890625,65.3374252319336,5.73291015625,431.6236877441406,0.767013430595398
