437.0423889160156,188.59437561035156,15.5914306640625,36.83366394042969,0.9486339688301086
418.6922912597656,197.47702026367188,12.681121826171875,27.961090087890625,0.8947444558143616
608.1348876953125,112.88944244384766,10.57672119140625,354.44635009765625,0.8314940333366394
422.8660888671875,125.48603820800781,8.9937744140625,390.25274658203125,0.8215105533599854
596.1307373046875,102.71495819091797,6.9425048828125,420.6287841796875,0.8175893425941467
633.6654052734375,117.99852752685547,10.658447265625,262.9615478515625,0.8083497285842896
627.1051635742188,98.58537292480469,7.41680908203125,406.66455078125,0.7921527624130249
565.9820556640625,174.33724975585938,8.197265625,421.6424865722656,0.7878022193908691
120.03119659423828,139.47109985351562,12.033653259277344,339.2317810058594,0.7847128510475159
167.3026123046875,198.4214630126953,21.841812133789062,44.560638427734375,0.775827169418335
