318.52960205078125,194.54234313964844,11.539642333984375,26.090774536132812,0.9713053703308105
316.8987731933594,197.9095458984375,11.358551025390625,25.907791137695312,0.8737162351608276
632.881591796875,121.16170501708984,11.8306884765625,252.630126953125,0.8310911655426025
453.1221008300781,186.94015502929688,21.623443603515625,47.25775146484375,0.8197478652000427
458.078369140625,185.03733825683594,21.980072021484375,46.378265380859375,0.8078524470329285
441.5379333496094,122.26947784423828,9.654998779296875,398.8651123046875,0.8053335547447205
205.79144287109375,123.87039184570312,25.646392822265625,180.21026611328125,0.7916584610939026
632.6964721679688,75.14353942871094,5.43792724609375,432.9835205078125,0.7880376577377319
616.7051391601562,85.24588012695312,5.599365234375,443.0981140136719,0.7858487963676453
636.9473876953125,50.483551025390625,5.39605712890625,426.26953125,0.783686101436615
