634.3946533203125,77.2091064453125,9.4307861328125,331.29180908203125,0.849475085735321
593.244384765625,97.71783447265625,6.45587158203125,406.63177490234375,0.817500650882721
540.0532836914062,120.97087097167969,6.77313232421875,417.15130615234375,0.8005990386009216
292.5795593261719,133.39224243164062,8.6241455078125,366.5185241699219,0.7903317213058472
428.90740966796875,164.2432098388672,15.56494140625,28.715972900390625,0.7868222594261169
544.1737670898438,222.06105041503906,11.34912109375,351.861328125,0.7841378450393677
191.27203369140625,112.8011474609375,15.345687866210938,329.8157958984375,0.7710805535316467
631.43115234375,57.645751953125,5.75140380859375,424.1920471191406,0.7682731747627258
633.67919921875,63.549842834472656,4.422119140625,447.7197265625,0.767245352268219
527.0894775390625,81.38311767578125,7.1875,403.6025085449219,0.7595242261886597
