516.842529296875,194.54420471191406,10.96685791015625,390.1923828125,0.8061956763267517
433.5675048828125,128.4786834716797,10.5059814453125,400.77349853515625,0.8030290603637695
472.8016357421875,204.9124755859375,16.311859130859375,34.716796875,0.8005691766738892
627.642822265625,93.33258819580078,7.7315673828125,415.9922180175781,0.799247682094574
573.7921142578125,105.52992248535156,8.6927490234375,414.41259765625,0.7962797284126282
629.7499389648438,78.3016357421875,6.96685791015625,429.9701843261719,0.7878580093383789
635.5770263671875,93.67890167236328,4.67633056640625,447.64447021484375,0.7804809212684631
475.5968017578125,202.64175415039062,23.3834228515625,61.31146240234375,0.7799254059791565
406.6568298339844,200.21864318847656,18.381500244140625,36.41619873046875,0.7797505855560303
125.87678527832031,136.34979248046875,12.80706787109375,350.5427551269531,0.7796080708503723
