424.7655029296875,184.3635711669922,23.16064453125,42.60111999511719,0.9938856959342957
409.050537109375,190.62759399414062,17.1278076171875,34.39654541015625,0.8768206238746643
626.8740844726562,184.10394287109375,15.06597900390625,97.68548583984375,0.8227878212928772
407.58355712890625,188.92662048339844,16.910308837890625,31.086532592773438,0.8106715679168701
381.1475830078125,128.3947296142578,11.327362060546875,385.79425048828125,0.8092555403709412
626.69287109375,88.399658203125,7.9906005859375,415.6113586425781,0.8073456883430481
79.15436553955078,139.9230499267578,13.122444152832031,327.95953369140625,0.7936849594116211
628.2994995117188,78.98844909667969,7.5260009765625,419.42010498046875,0.7908943295478821
591.5917358398438,97.56642150878906,7.40570068359375,420.87530517578125,0.7901596426963806
588.5264892578125,175.60653686523438,8.5054931640625,426.8170471191406,0.7846678495407104
