441.105712890625,178.7441864013672,17.179962158203125,34.22352600097656,0.9928395748138428
572.685302734375,100.32726287841797,9.01007080078125,411.83599853515625,0.825680136680603
119.0340576171875,134.89688110351562,12.3529052734375,337.9505615234375,0.8081948161125183
633.1597290039062,109.54327392578125,12.02825927734375,292.5874938964844,0.8054472208023071
124.89127349853516,127.80967712402344,16.93946075439453,302.3846435546875,0.7949238419532776
631.7998046875,76.23815155029297,5.628173828125,427.0809631347656,0.7926957607269287
299.3026123046875,130.83180236816406,14.1357421875,369.7177734375,0.7863919138908386
361.7001953125,112.95048522949219,12.6510009765625,343.7406005859375,0.7640096545219421
632.6893310546875,66.09873962402344,6.0904541015625,442.06903076171875,0.7511203289031982
629.5030517578125,80.33998107910156,6.2835693359375,441.76361083984375,0.7424085736274719
