38.327369689941406,175.58111572265625,25.029098510742188,61.619293212890625,0.9948856234550476
620.5050659179688,76.58543395996094,8.594970703125,392.423095703125,0.8586064577102661
473.294677734375,118.63939666748047,21.006927490234375,354.40631103515625,0.8473767638206482
116.30757141113281,173.6077117919922,32.60893249511719,141.2018585205078,0.8463813066482544
439.7806396484375,204.71258544921875,13.06878662109375,364.67340087890625,0.8373532295227051
132.1914825439453,134.4643096923828,15.073822021484375,337.90277099609375,0.8217995762825012
450.2423400878906,114.41059112548828,9.5467529296875,399.24676513671875,0.8217965364456177
634.9267578125,75.281005859375,9.3026123046875,356.7095947265625,0.8191501498222351
616.9859619140625,94.2710952758789,8.8348388671875,406.4922180175781,0.8159192800521851
617.0427856445312,114.22140502929688,20.63348388671875,274.6105651855469,0.8081634640693665
