373.8151550292969,184.86459350585938,13.695892333984375,28.763809204101562,0.8841723203659058
313.891845703125,177.20318603515625,16.6358642578125,28.810226440429688,0.8603919148445129
306.91162109375,178.1524658203125,16.919830322265625,31.345108032226562,0.8322756886482239
333.0076904296875,178.98068237304688,14.84222412109375,31.78863525390625,0.8275060653686523
534.4287109375,118.0521011352539,6.97357177734375,421.2154846191406,0.8230903148651123
330.80328369140625,179.44802856445312,14.85589599609375,28.787094116210938,0.8203170299530029
604.4586791992188,97.90850830078125,6.34088134765625,422.47381591796875,0.8111572861671448
238.76712036132812,140.66065979003906,9.2513427734375,353.25848388671875,0.8090978860855103
548.98828125,86.69759368896484,7.20672607421875,421.82904052734375,0.7996243238449097
37.20206069946289,170.66586303710938,26.165992736816406,59.311370849609375,0.7988395690917969
