426.0223388671875,183.12232971191406,35.410400390625,33.51124572753906,0.9783234596252441
132.07093811035156,187.02627563476562,15.832504272460938,30.940444946289062,0.9021189212799072
361.486572265625,181.2268524169922,15.14404296875,28.173583984375,0.8822569847106934
579.6526489257812,185.87969970703125,9.22528076171875,412.9249267578125,0.8603560924530029
365.2037048339844,181.23362731933594,16.575775146484375,26.938568115234375,0.8487032055854797
512.0443725585938,117.40300750732422,7.83538818359375,417.83197021484375,0.8280909657478333
615.1773071289062,87.12920379638672,5.67449951171875,442.70574951171875,0.8243455290794373
634.79931640625,94.36643981933594,9.3988037109375,315.19818115234375,0.8134751915931702
93.36715698242188,149.65579223632812,29.2861328125,122.68048095703125,0.7815618515014648
219.25912475585938,118.20519256591797,15.489273071289062,339.2279968261719,0.781024694442749
