157.56863403320312,186.43853759765625,15.0872802734375,29.430450439453125,0.8965007662773132
164.3116912841797,185.44268798828125,15.5657958984375,30.087875366210938,0.8931092619895935
399.76123046875,184.5853729248047,15.33135986328125,38.1771240234375,0.8130272030830383
473.02056884765625,117.9185791015625,8.31463623046875,405.05706787109375,0.8106118440628052
143.84768676757812,137.25021362304688,11.790740966796875,340.47625732421875,0.7954334616661072
529.6307983398438,110.66082000732422,9.71942138671875,378.67315673828125,0.7947406768798828
378.01800537109375,185.86993408203125,16.763824462890625,33.69097900390625,0.7892749905586243
535.9166259765625,190.89739990234375,9.0478515625,391.51873779296875,0.7780991792678833
153.1905517578125,189.89422607421875,15.594024658203125,30.562637329101562,0.7779404520988464
539.4867553710938,84.82151794433594,7.4102783203125,412.8814697265625,0.7645335793495178
