333.37451171875,186.44406127929688,14.4161376953125,29.27435302734375,0.870065450668335
635.0903930664062,68.3717269897461,8.7225341796875,356.72491455078125,0.8325517177581787
335.6639404296875,188.2249298095703,14.178253173828125,30.730361938476562,0.8255361318588257
468.3132629394531,166.9810028076172,19.95733642578125,42.74855041503906,0.8252410292625427
330.27587890625,186.77398681640625,13.452301025390625,26.193008422851562,0.8216833472251892
422.3716735839844,120.29408264160156,9.39605712890625,395.38458251953125,0.8179711103439331
606.32470703125,91.77702331542969,5.91778564453125,429.03948974609375,0.7891963720321655
202.67056274414062,94.92984008789062,19.367095947265625,240.46530151367188,0.7847838997840881
200.0637969970703,111.96734619140625,13.468673706054688,338.75750732421875,0.7810209393501282
109.65605163574219,134.70623779296875,12.02423095703125,334.36431884765625,0.7804767489433289
