439.6590576171875,114.0218505859375,8.693450927734375,402.986328125,0.8150926828384399
340.0032043457031,188.6704864501953,13.04107666015625,26.68817138671875,0.7960542440414429
625.3490600585938,76.74901580810547,4.801025390625,455.2021484375,0.7949414849281311
184.6803436279297,101.02788543701172,14.019241333007812,346.2979736328125,0.7793879508972168
170.49371337890625,126.495849609375,10.969467163085938,357.3895263671875,0.7761762142181396
378.3883972167969,183.46340942382812,15.118865966796875,54.82929992675781,0.7740317583084106
321.88616943359375,189.4027099609375,14.076080322265625,26.796173095703125,0.7738401889801025
611.7554321289062,170.5111541748047,6.40411376953125,441.47149658203125,0.7707119584083557
637.2180786132812,67.84400939941406,4.29180908203125,454.156982421875,0.7678664922714233
635.0986938476562,73.72080993652344,4.542236328125,442.4276123046875,0.7675355672836304
