136.35418701171875,190.70802307128906,16.13873291015625,32.05987548828125,0.9021753668785095
133.09938049316406,191.22378540039062,15.575927734375,32.55177307128906,0.831371545791626
585.3992919921875,93.53369140625,7.320068359375,420.45013427734375,0.8295343518257141
337.9286193847656,117.98340606689453,11.093597412109375,382.2638244628906,0.8216591477394104
347.6094970703125,186.3356475830078,13.66796875,20.311431884765625,0.8163637518882751
535.6676025390625,177.35145568847656,9.22076416015625,404.4329833984375,0.8110277056694031
636.8250732421875,54.77157974243164,6.06201171875,403.9526062011719,0.7969246506690979
71.94795989990234,135.978515625,14.077125549316406,320.3291931152344,0.7935091853141785
163.4829559326172,150.0206756591797,26.202316284179688,151.12889099121094,0.7886914014816284
83.1270751953125,137.2885284423828,26.554168701171875,161.6039581298828,0.7842668890953064
