307.4361572265625,178.15591430664062,15.75982666015625,28.43212890625,0.9163327217102051
304.1576843261719,179.2464141845703,15.354705810546875,29.9854736328125,0.8592151999473572
422.63128662109375,114.47003173828125,9.16162109375,399.50762939453125,0.809455931186676
606.363525390625,87.65412139892578,5.849365234375,431.5838623046875,0.7993753552436829
134.87155151367188,112.08856964111328,15.40911865234375,320.4725341796875,0.7879056334495544
125.2630615234375,130.5361328125,11.41156005859375,342.9527587890625,0.7803428769111633
197.68479919433594,90.51532745361328,17.265167236328125,232.43359375,0.7795157432556152
567.6875,178.53536987304688,8.31744384765625,410.8440246582031,0.7789115309715271
274.29986572265625,88.2398910522461,21.700531005859375,230.34881591796875,0.7770401835441589
637.669921875,50.77657699584961,4.2493896484375,444.1741027832031,0.7747521996498108
