347.54248046875,178.0250244140625,18.556304931640625,40.47563171386719,0.8550741076469421
411.5347900390625,112.99202728271484,9.400115966796875,399.5776062011719,0.8296920657157898
595.7793579101562,86.13056945800781,6.34796142578125,425.06695556640625,0.8007432818412781
611.2903442382812,2.1126508712768555,54.8411865234375,255.5283660888672,0.79604572057724
279.4031066894531,108.40591430664062,22.838226318359375,213.80975341796875,0.791287362575531
170.67843627929688,129.31378173828125,10.93060302734375,357.818359375,0.780342161655426
600.9564819335938,167.04544067382812,21.60247802734375,118.42001342773438,0.776887834072113
134.9220733642578,107.08210754394531,15.523605346679688,326.20928955078125,0.7715784907341003
262.9471130371094,118.17867279052734,26.99658203125,181.64776611328125,0.7660016417503357
292.2139892578125,184.91848754882812,25.236236572265625,63.85346984863281,0.7658680081367493
