524.1204223632812,130.16238403320312,49.05621337890625,162.98556518554688,0.9453952312469482
525.3886108398438,156.469970703125,39.3289794921875,106.037109375,0.8565431237220764
626.7298583984375,106.47695922851562,15.9072265625,295.6968078613281,0.8376297354698181
583.2838134765625,91.9560546875,6.70379638671875,410.95489501953125,0.8117126822471619
577.9867553710938,176.32766723632812,7.173828125,411.0117492675781,0.7983621954917908
473.9619445800781,114.70030212402344,8.200897216796875,403.73858642578125,0.797275722026825
221.35098266601562,132.42649841308594,9.608154296875,358.06500244140625,0.7759161591529846
159.50927734375,107.51778411865234,15.073471069335938,330.0011291503906,0.7608146071434021
631.054931640625,158.8278350830078,11.930419921875,132.0000457763672,0.7484748959541321
563.6500854492188,75.09800720214844,6.21710205078125,424.58782958984375,0.7467744946479797
