470.5569763183594,182.75843811035156,18.6920166015625,33.714324951171875,0.8627171516418457
512.3316040039062,182.44259643554688,17.52392578125,34.003173828125,0.8445627093315125
617.9951171875,80.8275146484375,5.04876708984375,444.4013671875,0.8118057250976562
483.2272644042969,114.9924545288086,7.61376953125,403.8219299316406,0.8078431487083435
156.25474548339844,95.58084106445312,13.774627685546875,337.21026611328125,0.8078278303146362
636.1375732421875,69.38819122314453,6.9058837890625,337.5644226074219,0.7932682037353516
242.34559631347656,129.57217407226562,9.209747314453125,368.330322265625,0.786031186580658
628.714111328125,-33.464298248291016,21.76513671875,336.69879150390625,0.7856742739677429
539.6987915039062,75.84371948242188,6.85137939453125,416.1340026855469,0.7794451117515564
599.2764892578125,178.53952026367188,7.22564697265625,426.1736755371094,0.7699378728866577
