521.3322143554688,170.06568908691406,21.3001708984375,51.26361083984375,0.8729203939437866
635.8248291015625,63.00775146484375,7.841552734375,388.78411865234375,0.8727779388427734
511.92584228515625,124.14982604980469,7.43408203125,404.54498291015625,0.868539571762085
483.00726318359375,179.6976776123047,19.82745361328125,45.84440612792969,0.8669971823692322
517.9345092773438,170.20933532714844,19.55426025390625,52.23417663574219,0.8610324859619141
112.6382827758789,157.7071990966797,15.451759338378906,243.63499450683594,0.860053539276123
628.5905151367188,73.17735290527344,6.3900146484375,411.7838134765625,0.8559848666191101
180.54624938964844,195.1095733642578,21.702728271484375,42.757843017578125,0.8524339199066162
454.0678405761719,136.5398712158203,13.584747314453125,317.69024658203125,0.8467302918434143
634.2421875,100.05894470214844,8.06854248046875,313.91455078125,0.8240938782691956
