634.4970092773438,70.68865203857422,10.14691162109375,379.5216369628906,0.8459078073501587
416.0081481933594,130.1712646484375,11.16668701171875,391.62054443359375,0.8437706232070923
518.7621459960938,115.4666976928711,11.7779541015625,381.291748046875,0.8266199827194214
40.7973518371582,156.0218048095703,16.303176879882812,286.205078125,0.8076241612434387
521.8731079101562,201.1181182861328,11.45281982421875,380.38494873046875,0.7956688404083252
630.4706420898438,84.80797576904297,5.84735107421875,440.8172607421875,0.7734294533729553
114.1463394165039,114.92280578613281,36.944602966308594,175.4568328857422,0.7642725110054016
634.607666015625,82.71144104003906,6.5697021484375,430.31243896484375,0.7582767605781555
209.1990966796875,196.65867614746094,23.20050048828125,48.70780944824219,0.7529446482658386
79.71966552734375,145.2369842529297,19.68645477294922,273.37445068359375,0.7508395314216614
