454.621337890625,182.66183471679688,20.172821044921875,47.43939208984375,0.838391125202179
513.7132568359375,119.77960205078125,6.88665771484375,407.68731689453125,0.835272490978241
636.8933715820312,99.8251953125,5.1005859375,437.06982421875,0.8287844657897949
473.92669677734375,175.1959228515625,22.443695068359375,50.00390625,0.8231099247932434
605.4307250976562,88.87674713134766,5.8524169921875,430.9525451660156,0.8138137459754944
634.5032958984375,88.57032012939453,9.0634765625,297.5068054199219,0.79941326379776
156.13450622558594,112.43791198730469,12.727508544921875,321.3326416015625,0.7991056442260742
435.3919982910156,77.1417465209961,12.6116943359375,365.7073059082031,0.7978216409683228
632.477783203125,45.29618835449219,6.5849609375,419.33953857421875,0.7789492607116699
176.52700805664062,134.27255249023438,10.919296264648438,354.69903564453125,0.7776685953140259
