344.9769287109375,177.426513671875,22.433319091796875,43.2293701171875,0.8906800150871277
356.4219970703125,168.6825408935547,21.802520751953125,48.99104309082031,0.8839285969734192
572.9784545898438,215.86135864257812,11.1988525390625,379.3803405761719,0.853390634059906
635.4248657226562,52.01871871948242,8.62713623046875,414.5516662597656,0.8514178395271301
628.5076293945312,73.49433135986328,6.70880126953125,424.5108947753906,0.8415883779525757
238.42665100097656,196.39376831054688,23.049545288085938,54.79554748535156,0.8389899134635925
339.08880615234375,176.11065673828125,19.25872802734375,40.03173828125,0.8335913419723511
401.787841796875,169.9009552001953,27.228912353515625,54.17903137207031,0.8310458064079285
511.20318603515625,124.95378875732422,8.118896484375,416.55755615234375,0.822684109210968
571.8353881835938,143.5923614501953,27.04443359375,163.38209533691406,0.8155890107154846
