599.7319946289062,182.06068420410156,25.3443603515625,65.70281982421875,0.9835415482521057
527.2039184570312,183.62535095214844,19.75408935546875,51.01666259765625,0.9800204038619995
169.58738708496094,179.97178649902344,14.365463256835938,32.37690734863281,0.8782674074172974
595.1002807617188,183.3954620361328,22.28607177734375,57.19047546386719,0.8406738638877869
520.7628173828125,183.78985595703125,18.71875,46.61070251464844,0.8374147415161133
484.42193603515625,179.3561248779297,28.23138427734375,47.525115966796875,0.8297203779220581
624.503173828125,-15.632615089416504,29.43365478515625,351.16949462890625,0.8274662494659424
589.8560791015625,186.7822265625,22.9833984375,55.72540283203125,0.8054779767990112
405.6289978027344,115.0519027709961,10.686187744140625,406.5996398925781,0.7921963334083557
573.5106811523438,182.4076690673828,8.67999267578125,419.75701904296875,0.7805429697036743
