546.71337890625,175.4087677001953,20.17364501953125,45.90989685058594,0.87370765209198
559.8544921875,175.3518524169922,21.99053955078125,45.8614501953125,0.8352426886558533
517.3731079101562,114.04246520996094,7.38330078125,421.78936767578125,0.8302473425865173
620.1961059570312,84.67774200439453,5.52789306640625,446.8106689453125,0.7915422916412354
69.14866638183594,151.65313720703125,24.411712646484375,124.33230590820312,0.7813276052474976
150.94651794433594,136.48709106445312,10.617385864257812,343.7126770019531,0.7809048295021057
515.4596557617188,179.6394805908203,20.43731689453125,44.39826965332031,0.7806547284126282
152.37808227539062,123.15477752685547,15.068679809570312,316.2615966796875,0.7784762382507324
549.8651733398438,85.55859375,7.16278076171875,416.9995422363281,0.7757155299186707
566.1554565429688,191.43096923828125,9.4571533203125,403.87713623046875,0.7603845596313477
