530.9493408203125,188.959716796875,20.0379638671875,36.12451171875,0.9249293804168701
492.3412780761719,184.51600646972656,18.265228271484375,36.54310607910156,0.8770322203636169
525.1464233398438,187.2032470703125,17.263671875,36.84141540527344,0.8610070943832397
476.03668212890625,183.46641540527344,19.087982177734375,36.37190246582031,0.8181298971176147
495.33099365234375,187.09579467773438,20.4482421875,39.70381164550781,0.811920166015625
565.19091796875,191.16265869140625,22.65032958984375,43.145172119140625,0.8085166215896606
516.114013671875,114.46027374267578,7.58935546875,422.79217529296875,0.8083168268203735
601.4880981445312,181.6591796875,24.2552490234375,58.379638671875,0.8063518404960632
594.388916015625,187.32778930664062,20.87274169921875,51.14691162109375,0.8030088543891907
601.6994018554688,95.52195739746094,6.934814453125,428.92437744140625,0.7919005155563354
