369.34625244140625,176.7973175048828,22.82073974609375,42.64079284667969,0.9861418604850769
569.5626220703125,176.14376831054688,24.553466796875,57.665069580078125,0.8108989000320435
629.82763671875,166.67376708984375,10.1761474609375,86.08673095703125,0.8082752823829651
512.4024658203125,117.36910247802734,8.22509765625,423.3434143066406,0.7971033453941345
145.51669311523438,187.498291015625,22.114608764648438,39.55511474609375,0.7956916093826294
600.0948486328125,93.24618530273438,7.2330322265625,428.8133239746094,0.7922714948654175
576.2491455078125,183.23196411132812,8.17974853515625,414.2669982910156,0.783062219619751
605.5778198242188,176.86231994628906,21.9864501953125,65.09291076660156,0.7813217043876648
185.60678100585938,139.87850952148438,10.18231201171875,348.3092956542969,0.7772690653800964
535.3922119140625,88.4549789428711,7.99078369140625,411.3116455078125,0.7726365923881531
