620.17138671875,173.84864807128906,16.395751953125,81.41770935058594,0.8262609839439392
386.4600830078125,186.24546813964844,24.931243896484375,42.26875305175781,0.8182321786880493
137.21231079101562,189.72183227539062,15.844650268554688,28.98370361328125,0.8170115947723389
589.10498046875,168.302734375,20.84576416015625,70.30442810058594,0.8035985231399536
603.83642578125,96.69469451904297,6.67755126953125,431.2955322265625,0.7904415130615234
227.5123291015625,133.9033203125,9.792282104492188,363.4833984375,0.7856111526489258
549.3948364257812,114.25921630859375,6.927490234375,432.39080810546875,0.7831464409828186
446.14959716796875,160.4212188720703,19.14605712890625,143.74269104003906,0.7802207469940186
568.4910888671875,198.1997833251953,8.85491943359375,401.152587890625,0.777437686920166
381.41180419921875,185.472900390625,19.5260009765625,35.22804260253906,0.7771256566047668
