387.49945068359375,180.50416564941406,22.583404541015625,46.00605773925781,0.9839268326759338
540.8641357421875,179.91172790527344,19.7530517578125,48.377685546875,0.8564969897270203
392.4166564941406,183.7139434814453,20.75201416015625,40.280303955078125,0.8413630127906799
545.7315673828125,116.64698028564453,6.83544921875,427.5120849609375,0.7958096265792847
175.54251098632812,134.7907257080078,10.132171630859375,351.3135986328125,0.7852190136909485
623.634033203125,82.47569274902344,5.474365234375,449.39508056640625,0.7837796807289124
524.4508056640625,182.766845703125,19.55712890625,44.61602783203125,0.7695637345314026
431.82769775390625,182.91502380371094,16.61376953125,40.90275573730469,0.7639961838722229
559.8460083007812,182.27325439453125,21.415771484375,49.439453125,0.7409206032752991
556.7780151367188,224.88778686523438,12.22943115234375,365.9101257324219,0.7391273975372314
