552.1068115234375,181.41461181640625,18.873779296875,45.988189697265625,0.9216752648353577
373.59405517578125,186.19937133789062,15.6636962890625,34.397705078125,0.8128265142440796
371.1319274902344,186.22525024414062,15.6588134765625,37.403656005859375,0.8082153797149658
174.95184326171875,130.7989959716797,11.450653076171875,361.87139892578125,0.8007550239562988
428.7041931152344,129.60171508789062,10.316986083984375,389.6970520019531,0.7927531599998474
628.2032470703125,80.34696960449219,7.94818115234375,418.25628662109375,0.7881333231925964
456.4473876953125,173.13685607910156,28.395599365234375,137.8806610107422,0.7855768799781799
126.53777313232422,134.902587890625,17.76110076904297,298.3648681640625,0.7833682298660278
529.899169921875,116.05821228027344,12.2099609375,384.13629150390625,0.7814655900001526
380.57403564453125,187.7387237548828,20.511932373046875,43.2371826171875,0.7795788049697876
