546.2530517578125,173.36431884765625,18.1500244140625,50.01445007324219,0.8645326495170593
625.7686767578125,5.048031806945801,26.648681640625,315.54046630859375,0.8591448068618774
614.51953125,85.95832061767578,8.167724609375,365.6490478515625,0.8226712942123413
634.448974609375,83.77869415283203,4.9666748046875,447.591552734375,0.8140780925750732
154.1029052734375,150.16014099121094,11.034133911132812,337.7381591796875,0.7952442169189453
634.7313232421875,184.9748992919922,5.126220703125,443.4127197265625,0.7938870191574097
579.2247924804688,126.28256225585938,5.61907958984375,430.3208312988281,0.7897214293479919
179.78359985351562,128.92236328125,12.909805297851562,307.2475891113281,0.7828453183174133
627.7232055664062,73.4641342163086,6.8690185546875,424.5783996582031,0.7792280912399292
635.1473388671875,70.34923553466797,5.79510498046875,435.701416015625,0.7660539150238037
