463.37860107421875,189.60552978515625,15.885162353515625,34.45881652832031,0.9276572465896606
477.77978515625,182.3998260498047,17.427490234375,40.49989318847656,0.908528208732605
458.0169982910156,125.03474426269531,9.6624755859375,401.369140625,0.8299199938774109
635.29931640625,81.86957550048828,4.71710205078125,450.4100341796875,0.8278109431266785
624.3387451171875,99.01907348632812,19.87518310546875,327.0010986328125,0.8099613189697266
571.5504760742188,125.06324005126953,8.743896484375,382.7156982421875,0.807959258556366
172.912109375,141.6691131591797,10.51513671875,342.51519775390625,0.8046444058418274
473.4117431640625,182.45399475097656,17.071319580078125,37.571441650390625,0.8021423816680908
599.7987060546875,117.30658721923828,11.6942138671875,336.0992431640625,0.7966441512107849
489.8702697753906,91.70843505859375,9.182647705078125,398.6283874511719,0.794517457485199
