541.6594848632812,98.75422668457031,10.63128662109375,386.30047607421875,0.8380206823348999
412.19219970703125,94.24933624267578,16.547698974609375,300.58880615234375,0.8170010447502136
212.1197509765625,133.05104064941406,13.894989013671875,366.5687255859375,0.8108566403388977
175.41725158691406,119.70448303222656,20.994308471679688,328.48785400390625,0.810748279094696
589.2185668945312,-80.99108123779297,10.48504638671875,408.5025634765625,0.8101711273193359
579.513671875,118.49707794189453,6.0855712890625,439.43212890625,0.8087347149848938
633.7249145507812,63.28352355957031,5.04388427734375,437.68743896484375,0.807707667350769
509.3516845703125,85.38827514648438,9.10113525390625,396.41778564453125,0.7829453945159912
584.5113525390625,118.46505737304688,22.91778564453125,211.97772216796875,0.7826557159423828
637.4595336914062,48.77214431762695,4.6798095703125,439.049072265625,0.7781873345375061
