620.8502197265625,80.82373046875,5.6226806640625,443.98101806640625,0.819301187992096
433.800537109375,123.85126495361328,10.052032470703125,396.90399169921875,0.8142306208610535
154.09613037109375,144.12423706054688,10.707427978515625,329.96160888671875,0.8068050146102905
23.556255340576172,173.68704223632812,23.541732788085938,50.0911865234375,0.8026358485221863
469.9993896484375,97.37736511230469,9.07220458984375,374.6343994140625,0.7897191047668457
628.9793701171875,149.28961181640625,10.85028076171875,130.83718872070312,0.7777107954025269
593.5115966796875,192.45204162597656,8.58154296875,413.076416015625,0.7716953158378601
116.02005767822266,120.62213134765625,18.77733612060547,310.6780090332031,0.7663766145706177
508.4501647949219,67.22596740722656,9.567047119140625,380.68341064453125,0.7657023072242737
124.89176940917969,149.79925537109375,17.475921630859375,261.0329284667969,0.7592349052429199
