386.7779846191406,180.7916717529297,20.161224365234375,41.8680419921875,0.9267477989196777
160.74639892578125,186.03587341308594,14.890365600585938,33.06214904785156,0.8508146405220032
609.3123779296875,93.5357666015625,6.11181640625,433.37158203125,0.8235708475112915
182.55276489257812,140.5892333984375,10.302642822265625,341.36358642578125,0.810276985168457
148.8795623779297,186.89193725585938,15.03814697265625,32.77430725097656,0.8068857789039612
475.8059387207031,118.17523956298828,8.885711669921875,412.51593017578125,0.8054134249687195
230.98806762695312,184.73333740234375,12.6878662109375,26.09893798828125,0.8003373742103577
241.87637329101562,186.72210693359375,11.976242065429688,25.311782836914062,0.7880370020866394
518.07763671875,252.62767028808594,18.67864990234375,311.81744384765625,0.7847772240638733
550.5931396484375,85.0029067993164,7.21734619140625,418.7616882324219,0.783502459526062
