539.4285888671875,162.42819213867188,56.32861328125,127.03750610351562,0.9979512095451355
501.34588623046875,175.57901000976562,16.8743896484375,41.028717041015625,0.9572355151176453
629.4662475585938,66.98880767822266,6.56756591796875,424.7318420410156,0.8382306098937988
521.8291625976562,106.520263671875,11.85235595703125,382.8223571777344,0.8359858989715576
598.5755615234375,176.489990234375,18.48565673828125,51.805877685546875,0.8285473585128784
628.8253173828125,-106.8006820678711,11.63702392578125,415.4903564453125,0.8270139098167419
509.09033203125,178.4361572265625,17.48919677734375,41.186065673828125,0.8238526582717896
467.5515441894531,112.49419403076172,9.258636474609375,420.7025146484375,0.8178086280822754
177.61558532714844,127.67118835449219,12.335922241210938,367.05133056640625,0.8055980801582336
636.2757568359375,-157.35818481445312,6.16265869140625,457.0519714355469,0.8043287396430969
