519.2557983398438,168.56503295898438,44.6427001953125,113.18661499023438,0.9881828427314758
375.57159423828125,108.54618072509766,50.985260009765625,112.51630401611328,0.8588603138923645
257.19122314453125,142.189453125,29.9937744140625,270.1490783691406,0.844383716583252
590.2259521484375,330.5106201171875,36.95635986328125,196.24176025390625,0.8381904363632202
312.41937255859375,170.60765075683594,16.34130859375,37.97859191894531,0.8221817016601562
616.0875244140625,114.12580871582031,17.4613037109375,253.1158905029297,0.8201403617858887
626.587890625,10.992822647094727,24.9287109375,322.9823303222656,0.818061351776123
19.085712432861328,181.41122436523438,15.79812240600586,36.21531677246094,0.8143327832221985
71.27308654785156,149.94613647460938,14.062957763671875,299.73223876953125,0.811322808265686
172.41409301757812,179.0608673095703,13.687286376953125,30.040115356445312,0.8098376989364624
