50.51416778564453,190.69454956054688,12.702075958251953,31.541488647460938,0.963508665561676
68.5155029296875,190.92169189453125,12.744003295898438,29.086074829101562,0.9312700629234314
627.6119384765625,7.626199722290039,22.70703125,301.17767333984375,0.8590221405029297
294.8212890625,142.60086059570312,10.9930419921875,375.1974182128906,0.8337484002113342
513.156982421875,186.4268035888672,17.794189453125,46.571380615234375,0.8322751522064209
494.4717712402344,98.0831069946289,8.76092529296875,389.4535217285156,0.7984011769294739
605.637451171875,99.7909927368164,17.8658447265625,287.2806396484375,0.7877794504165649
230.1511993408203,121.33868408203125,15.51422119140625,340.0856628417969,0.7777422666549683
427.1357727050781,147.56886291503906,11.984344482421875,380.4105224609375,0.7726861238479614
294.28680419921875,164.07066345214844,25.730865478515625,268.22515869140625,0.7658463716506958
