529.1181640625,181.60269165039062,17.42626953125,48.18951416015625,0.9465697407722473
44.271541595458984,188.98194885253906,13.769416809082031,32.816162109375,0.9271287322044373
126.42144775390625,152.0991668701172,12.532135009765625,315.5888671875,0.8424130082130432
627.257568359375,-15.161418914794922,24.30462646484375,339.5340881347656,0.8294176459312439
605.451904296875,107.95381927490234,19.8446044921875,274.9334411621094,0.8275905847549438
583.233154296875,183.8181610107422,13.7574462890625,58.76898193359375,0.8271272778511047
526.68994140625,179.66539001464844,16.37109375,46.44502258300781,0.8246299028396606
447.9010009765625,240.19729614257812,12.94317626953125,317.9457092285156,0.8231522440910339
491.832763671875,125.61553192138672,8.288665771484375,404.7489013671875,0.8191162347793579
634.056640625,85.77448272705078,5.2596435546875,443.62322998046875,0.8169354200363159
