25.467727661132812,188.60906982421875,14.168071746826172,34.42523193359375,0.9698556065559387
528.4647216796875,181.31112670898438,18.2078857421875,48.81748962402344,0.9603536128997803
46.454437255859375,188.5637969970703,12.14932632446289,28.839828491210938,0.9034211039543152
158.1428680419922,152.5654296875,11.735885620117188,321.1070861816406,0.8414610624313354
534.6090087890625,49.464088439941406,29.57470703125,231.85311889648438,0.8258016705513
628.1082153320312,-16.753177642822266,22.55926513671875,349.3685302734375,0.8209084272384644
503.47637939453125,183.17477416992188,16.98358154296875,40.53974914550781,0.8203773498535156
488.7805480957031,8.402996063232422,20.0274658203125,273.0097351074219,0.8189647793769836
634.2607421875,85.47158813476562,5.19140625,444.8844909667969,0.8103809952735901
584.2279663085938,131.10076904296875,21.579345703125,208.66390991210938,0.8047133684158325
