453.76739501953125,119.20326232910156,10.0418701171875,417.95440673828125,0.8193092346191406
535.0311279296875,105.25587463378906,11.2728271484375,401.998779296875,0.7843771576881409
172.09811401367188,132.8465576171875,11.851348876953125,371.9696044921875,0.7789953351020813
515.3453979492188,93.72991943359375,9.87286376953125,414.2812194824219,0.7737255096435547
631.8338012695312,72.62134552001953,6.0599365234375,437.6968688964844,0.7703081369400024
537.9990234375,197.93310546875,27.2125244140625,72.20355224609375,0.7699270248413086
631.4911499023438,206.76890563964844,8.1414794921875,59.85502624511719,0.7508741617202759
611.1261596679688,218.16488647460938,16.50323486328125,36.317901611328125,0.7506287693977356
490.55242919921875,198.54286193847656,11.75164794921875,377.8701171875,0.7501354813575745
371.7984313964844,199.100341796875,14.5528564453125,27.769607543945312,0.7419969439506531
