206.5738067626953,169.0699005126953,15.762451171875,29.547073364257812,0.8023368120193481
519.8875732421875,117.60610961914062,7.1541748046875,412.7209777832031,0.7985467910766602
631.903564453125,105.26305389404297,13.0428466796875,300.48773193359375,0.7978513836860657
598.8225708007812,189.5323486328125,6.745361328125,413.182373046875,0.7882130742073059
175.92489624023438,117.13412475585938,13.355865478515625,316.3468322753906,0.7800559401512146
193.9498748779297,136.09629821777344,9.77984619140625,348.9593505859375,0.7729770541191101
621.51220703125,83.09123229980469,5.027587890625,442.779052734375,0.7715369462966919
634.503662109375,69.13915252685547,4.271728515625,451.876953125,0.7499582767486572
561.05810546875,81.61354064941406,6.34149169921875,416.5855712890625,0.7429273724555969
136.47372436523438,173.67320251464844,21.15478515625,37.32470703125,0.7261707186698914
