141.36695861816406,166.84921264648438,17.093399047851562,36.06024169921875,0.860846221446991
544.9471435546875,160.8433837890625,22.49053955078125,55.52911376953125,0.860630452632904
204.86891174316406,166.53843688964844,16.073455810546875,28.909332275390625,0.8579777479171753
120.70731353759766,166.41140747070312,18.599388122558594,40.095001220703125,0.8438703417778015
559.2296752929688,119.0312271118164,15.81414794921875,189.51834106445312,0.8373667001724243
166.72482299804688,166.7166748046875,15.85784912109375,30.445220947265625,0.8297041058540344
523.1654663085938,111.45880126953125,6.7633056640625,418.917724609375,0.8281902074813843
591.5146484375,93.61056518554688,6.39208984375,412.1051025390625,0.8250119686126709
131.75425720214844,167.34996032714844,19.124557495117188,38.250732421875,0.8114113807678223
554.7106323242188,191.71188354492188,8.06390380859375,383.5493469238281,0.7974503040313721
