29.977684020996094,181.61587524414062,24.733943939208984,45.21955871582031,0.8452801704406738
57.77217483520508,178.9510955810547,16.485042572021484,32.09724426269531,0.8238691687583923
613.0077514648438,88.20568084716797,5.89923095703125,432.58587646484375,0.8232376575469971
605.5477294921875,120.87700653076172,15.66973876953125,220.09539794921875,0.8144382238388062
504.5533447265625,118.69264221191406,7.8052978515625,413.4874267578125,0.8128296136856079
42.698036193847656,179.1319122314453,18.887393951416016,33.30210876464844,0.8095200061798096
550.8522338867188,211.32542419433594,11.00762939453125,368.26678466796875,0.8085269927978516
49.499122619628906,179.96560668945312,18.084640502929688,33.20915222167969,0.8050215840339661
183.41172790527344,135.32496643066406,10.313644409179688,345.87847900390625,0.8049032092094421
66.8446273803711,179.34808349609375,15.812118530273438,32.469268798828125,0.8017814755439758
