529.9059448242188,-29.62999725341797,17.5343017578125,316.9028625488281,0.8314161896705627
194.95379638671875,137.83248901367188,10.281494140625,343.8559265136719,0.8263111710548401
503.625732421875,112.84498596191406,7.785247802734375,411.44451904296875,0.8232544660568237
548.5148315429688,216.12371826171875,9.71307373046875,374.86468505859375,0.8105262517929077
635.7275390625,78.75849914550781,7.7763671875,343.1871337890625,0.8104626536369324
571.7228393554688,103.50487518310547,9.634033203125,398.362548828125,0.810005784034729
616.7001953125,86.35394287109375,8.152587890625,363.07177734375,0.8032175898551941
11.466259956359863,174.65684509277344,21.784290313720703,51.56715393066406,0.7922890782356262
535.8405151367188,155.62167358398438,24.02020263671875,145.14251708984375,0.7868640422821045
632.0673828125,80.3165512084961,4.78753662109375,439.8653869628906,0.7859156727790833
