614.8908081054688,176.44253540039062,17.35015869140625,46.552642822265625,0.8841795921325684
631.0243530273438,70.70272827148438,6.46917724609375,431.7567443847656,0.8258308172225952
606.1422119140625,82.3546142578125,6.286865234375,439.1175537109375,0.8126917481422424
508.9474182128906,109.67452239990234,7.778778076171875,424.3563537597656,0.8037506937980652
612.17041015625,23.16049575805664,53.47528076171875,268.59033203125,0.7946757078170776
41.56406021118164,159.0479278564453,26.528568267822266,69.96342468261719,0.7721919417381287
583.2290649414062,201.32029724121094,9.26422119140625,402.12677001953125,0.7689873576164246
169.93878173828125,95.75729370117188,15.711273193359375,353.5953063964844,0.7641622424125671
254.74758911132812,124.00916290283203,9.789825439453125,385.65301513671875,0.7634829878807068
54.60569381713867,142.84332275390625,28.181896209716797,114.93649291992188,0.7618096470832825
