475.6398010253906,191.76026916503906,14.881988525390625,32.90229797363281,0.9888577461242676
472.41851806640625,191.4495391845703,15.272216796875,32.83384704589844,0.8833312392234802
426.025390625,189.38299560546875,17.062744140625,33.64720153808594,0.8427585363388062
380.6913757324219,190.8070526123047,17.840179443359375,32.52119445800781,0.8285036683082581
492.49212646484375,120.31807708740234,7.31353759765625,402.7743835449219,0.8275704383850098
408.31365966796875,191.7617950439453,15.697723388671875,32.37890625,0.8145995736122131
565.825927734375,104.28617858886719,8.21783447265625,396.370849609375,0.8057165145874023
629.6453247070312,184.9724884033203,10.39068603515625,80.03395080566406,0.8026572465896606
634.5639038085938,84.38690185546875,6.2847900390625,421.3115539550781,0.7976941466331482
630.4815063476562,76.5010757446289,6.25018310546875,422.2259826660156,0.795163631439209
