458.7850341796875,120.75264739990234,8.70489501953125,404.9225158691406,0.8142809867858887
593.6414794921875,93.99061584472656,7.0224609375,424.31689453125,0.8084826469421387
184.27415466308594,136.65325927734375,10.619277954101562,353.41943359375,0.8057916164398193
543.6510009765625,179.47421264648438,8.6551513671875,404.9513244628906,0.7959614396095276
629.8125610351562,82.7738265991211,6.71771240234375,422.521728515625,0.7830859422683716
528.6290893554688,90.20748138427734,7.843505859375,407.2159118652344,0.7690208554267883
166.381591796875,197.0915069580078,21.639968872070312,40.97874450683594,0.7652415037155151
102.60692596435547,164.86875915527344,23.977928161621094,122.12635803222656,0.764227569103241
156.57644653320312,121.68638610839844,14.973831176757812,318.24951171875,0.7634884715080261
634.471435546875,72.06536102294922,5.088623046875,447.09942626953125,0.7348341941833496
