592.27197265625,198.9546661376953,18.7432861328125,51.33245849609375,0.8698447346687317
578.5489501953125,193.65354919433594,20.4188232421875,50.82000732421875,0.8580058217048645
630.9789428710938,182.220703125,8.80474853515625,75.4613037109375,0.8187983632087708
589.0128784179688,175.60523986816406,7.0960693359375,426.014892578125,0.8140784502029419
475.5859680175781,121.9068603515625,8.68585205078125,406.0277099609375,0.8084824681282043
578.864990234375,97.75389862060547,7.77435302734375,415.43487548828125,0.7951078414916992
193.0660858154297,136.8004150390625,10.330963134765625,358.4235534667969,0.7884451746940613
543.3568725585938,87.13800048828125,7.75506591796875,417.60791015625,0.7713402509689331
192.73126220703125,117.53571319580078,13.216217041015625,335.1822509765625,0.756610631942749
18.089767456054688,190.29641723632812,24.13778305053711,41.318756103515625,0.750078022480011
