498.5982666015625,116.23265075683594,7.994598388671875,415.6695556640625,0.8372527956962585
619.497314453125,77.26455688476562,10.21649169921875,404.0657043457031,0.8227085471153259
576.5506591796875,101.86981201171875,7.673828125,405.97216796875,0.7991628646850586
176.8067169189453,136.04258728027344,11.048202514648438,353.49456787109375,0.7948520183563232
114.1218490600586,175.79562377929688,26.61754608154297,107.90963745117188,0.78055340051651
184.8651123046875,119.66265869140625,14.607574462890625,330.56591796875,0.7726536989212036
175.8126983642578,188.80699157714844,15.614822387695312,31.552993774414062,0.7715932726860046
630.660400390625,79.6084213256836,5.8621826171875,440.3601379394531,0.7691767811775208
515.2479858398438,92.73294830322266,8.46826171875,401.6589050292969,0.7683435082435608
580.89453125,0.42192935943603516,32.4940185546875,298.19818115234375,0.7669250965118408
