566.0880126953125,168.3468017578125,25.71917724609375,60.78694152832031,0.8716422319412231
471.7904357910156,182.28778076171875,16.336883544921875,35.866729736328125,0.8635063171386719
519.76708984375,115.4259262084961,7.3643798828125,419.4008483886719,0.8209909200668335
595.6050415039062,170.74844360351562,23.331298828125,63.28089904785156,0.8150375485420227
186.27427673339844,135.27999877929688,10.389328002929688,350.770263671875,0.7819532155990601
588.2034301757812,94.68754577636719,7.0015869140625,415.554443359375,0.7750048041343689
630.2877197265625,156.09413146972656,9.74609375,81.48359680175781,0.7744001746177673
554.8758544921875,189.47781372070312,9.27130126953125,397.4669494628906,0.7703284025192261
538.3714599609375,173.59738159179688,27.80596923828125,58.071258544921875,0.7639864087104797
505.71429443359375,91.775146484375,8.36297607421875,397.1388244628906,0.7617637515068054
