590.9615478515625,158.4724884033203,21.07403564453125,67.16114807128906,0.9928994178771973
594.9466552734375,160.6608428955078,20.5777587890625,63.740386962890625,0.8616971373558044
595.170654296875,93.61663055419922,7.02984619140625,425.44158935546875,0.8357346653938293
545.393798828125,169.47607421875,26.22210693359375,58.86167907714844,0.8141725659370422
536.9340209960938,115.3560562133789,6.8997802734375,430.0025329589844,0.8010186553001404
167.2052764892578,131.0724334716797,11.425430297851562,361.5447998046875,0.7753271460533142
175.235107421875,118.0828857421875,14.143936157226562,326.5665283203125,0.7738744020462036
627.2674560546875,-84.16311645507812,14.70587158203125,397.56585693359375,0.7723193764686584
633.5743408203125,68.58920288085938,4.88812255859375,434.6513977050781,0.7709082961082458
605.5591430664062,180.3917236328125,5.839111328125,427.72052001953125,0.769808292388916
