559.6680297851562,200.3401336669922,9.31854248046875,382.79595947265625,0.8511509895324707
525.3455810546875,118.61583709716797,7.0126953125,413.1600341796875,0.8326064348220825
478.7498474121094,118.2042236328125,13.293609619140625,344.4312744140625,0.8222646117210388
180.44960021972656,145.45562744140625,9.691268920898438,329.79290771484375,0.8190085291862488
629.7056884765625,77.81504821777344,5.9837646484375,413.3033447265625,0.7992010712623596
631.7581787109375,66.1611099243164,5.3037109375,421.58026123046875,0.7989085912704468
111.4823989868164,136.9102020263672,15.016708374023438,264.60748291015625,0.7865543365478516
560.6474609375,-24.25218963623047,17.86016845703125,318.7832946777344,0.7861858010292053
636.657470703125,89.09920501708984,3.7794189453125,453.0658874511719,0.7716030478477478
369.71514892578125,164.72805786132812,17.508392333984375,31.92626953125,0.7712124586105347
