617.8283081054688,148.28457641601562,16.75225830078125,45.744842529296875,0.8034414052963257
588.5546264648438,91.41995239257812,7.45257568359375,417.9291076660156,0.7981532216072083
514.98974609375,110.1978759765625,7.2554931640625,421.5260009765625,0.7935967445373535
632.4495849609375,63.25912094116211,5.28173828125,434.0937194824219,0.7852250337600708
389.9879150390625,161.5478057861328,19.72998046875,40.283538818359375,0.7772523760795593
542.9910888671875,189.4764862060547,8.30023193359375,386.96295166015625,0.7744606137275696
412.06402587890625,159.59649658203125,17.84368896484375,40.46522521972656,0.7661368250846863
636.1915283203125,83.13931274414062,3.96783447265625,451.9419860839844,0.7602100968360901
569.21923828125,-43.368560791015625,16.82757568359375,352.7563171386719,0.7554441094398499
160.06842041015625,106.3958511352539,15.0615234375,328.7433776855469,0.753402829170227
