636.2352905273438,68.10194396972656,6.78082275390625,341.89166259765625,0.8335058689117432
445.5497741699219,161.7429962158203,16.688323974609375,35.89396667480469,0.8315578103065491
482.3292236328125,118.22760009765625,11.30279541015625,338.668212890625,0.8191922903060913
473.0726318359375,112.22897338867188,7.4188232421875,397.37677001953125,0.8162122964859009
632.9658813476562,70.18509674072266,4.41278076171875,442.7728576660156,0.8108202219009399
423.0047607421875,159.5177459716797,17.42889404296875,41.40504455566406,0.7994925379753113
629.3643798828125,68.99827575683594,6.48651123046875,420.26446533203125,0.7967628240585327
116.05924987792969,141.3064727783203,11.919662475585938,317.547119140625,0.7877204418182373
19.9324951171875,182.85830688476562,22.281837463378906,48.11842346191406,0.780629575252533
143.90744018554688,121.08552551269531,13.674026489257812,297.31829833984375,0.7790343165397644
