417.58447265625,163.2285614013672,15.185455322265625,36.81486511230469,0.8410430550575256
517.9362182617188,108.27833557128906,6.429443359375,410.77593994140625,0.8385710716247559
466.3988952636719,161.19921875,18.8431396484375,42.882904052734375,0.8226901888847351
559.9664916992188,103.28942108154297,7.77178955078125,386.23455810546875,0.8110200762748718
633.1565551757812,70.43980407714844,4.3765869140625,442.784423828125,0.8106757998466492
634.7353515625,109.55055236816406,8.0576171875,227.98878479003906,0.8062103390693665
631.7174682617188,67.25977325439453,5.31927490234375,419.3155517578125,0.8059266209602356
547.8417358398438,193.71307373046875,9.2578125,390.18927001953125,0.7984393835067749
185.1372528076172,136.44119262695312,10.116958618164062,341.5188293457031,0.7934420108795166
623.0237426757812,113.97926330566406,10.72314453125,235.1153106689453,0.792364776134491
