442.0529479980469,161.86651611328125,19.160247802734375,50.00148010253906,0.9493611454963684
405.43402099609375,171.80747985839844,23.30078125,52.03327941894531,0.8553429245948792
373.2449035644531,166.3526611328125,21.875,48.283538818359375,0.8483479619026184
635.0039672851562,78.96756744384766,5.79595947265625,423.9381408691406,0.8235772848129272
551.0423583984375,202.79534912109375,10.581298828125,377.7357177734375,0.8124163150787354
451.8714904785156,121.37724304199219,8.657989501953125,390.17608642578125,0.8120507001876831
505.2827453613281,123.80321502685547,9.845733642578125,342.02728271484375,0.8096148371696472
150.77455139160156,154.49990844726562,10.75299072265625,308.5789489746094,0.8052600622177124
632.4168701171875,82.02423858642578,4.90264892578125,441.54949951171875,0.8009801506996155
470.63739013671875,169.0496063232422,18.46588134765625,53.65278625488281,0.7952213287353516
