632.7762451171875,102.48896789550781,12.1396484375,296.55914306640625,0.8522002100944519
264.6974182128906,127.69866943359375,11.271942138671875,374.4311218261719,0.8239943981170654
134.49530029296875,138.9027862548828,21.640457153320312,286.5572509765625,0.8203895688056946
565.649169921875,116.16056823730469,6.77911376953125,434.62030029296875,0.819810688495636
550.62158203125,101.18722534179688,11.62060546875,396.2271423339844,0.8179781436920166
580.8590698242188,-57.94990539550781,12.10577392578125,388.79302978515625,0.8026579022407532
637.479736328125,56.89594650268555,4.59228515625,437.7747497558594,0.7996206283569336
541.5283203125,195.70822143554688,10.7767333984375,383.2084045410156,0.7969247102737427
636.3825073242188,69.42977142333984,4.935791015625,445.4289855957031,0.7853631973266602
629.3331298828125,55.687164306640625,9.89227294921875,371.9183044433594,0.7746068239212036
