39.29077911376953,180.42164611816406,17.41687774658203,42.0513916015625,0.8341948986053467
130.7577667236328,155.14576721191406,11.40509033203125,308.18707275390625,0.8231167793273926
472.1988525390625,128.92135620117188,12.25433349609375,327.16107177734375,0.8116989135742188
472.7851867675781,123.32682800292969,8.81744384765625,399.77435302734375,0.8114217519760132
626.9783935546875,86.87364196777344,6.195556640625,427.139892578125,0.8063496947288513
411.8660888671875,109.55821228027344,11.149810791015625,339.02130126953125,0.7992579936981201
42.54438018798828,181.0183563232422,18.51818084716797,41.99455261230469,0.7899588942527771
636.15966796875,72.24424743652344,5.0738525390625,441.87890625,0.7779834866523743
34.08386993408203,183.7360382080078,16.411575317382812,39.290313720703125,0.772956132888794
629.6527099609375,154.75411987304688,10.09039306640625,71.21844482421875,0.7528432011604309
