552.5845336914062,168.72259521484375,15.2911376953125,39.487030029296875,0.8740694522857666
506.072509765625,118.96257781982422,10.470703125,352.33172607421875,0.8248512148857117
538.4527587890625,119.49688720703125,6.2916259765625,414.43212890625,0.8155903220176697
147.76380920410156,153.64749145507812,10.748428344726562,309.9328918457031,0.7926220297813416
74.32234954833984,153.39984130859375,16.960182189941406,228.33932495117188,0.7911003828048706
635.9094848632812,72.72328186035156,5.07281494140625,436.685302734375,0.7906665802001953
632.0968017578125,81.49536895751953,5.0955810546875,441.59912109375,0.7838977575302124
566.8955078125,188.7524871826172,9.04083251953125,400.32806396484375,0.7836630344390869
637.5255737304688,40.71663284301758,4.6146240234375,440.8934326171875,0.7802292108535767
365.3092041015625,126.36224365234375,11.5426025390625,301.9884033203125,0.762775182723999
