421.73394775390625,168.6807403564453,17.32366943359375,38.83189392089844,0.9872226119041443
419.70269775390625,172.1871795654297,15.686553955078125,36.87849426269531,0.8941282033920288
228.44287109375,137.7298583984375,9.275054931640625,357.47686767578125,0.8294543623924255
433.1897277832031,124.83712005615234,15.13238525390625,334.64715576171875,0.8234691619873047
401.30517578125,173.54371643066406,15.44110107421875,32.56269836425781,0.8132242560386658
485.9497375488281,167.1802978515625,28.238006591796875,33.90020751953125,0.8111697435379028
479.8167419433594,220.30543518066406,16.116485595703125,345.6004638671875,0.7949002981185913
493.9532470703125,115.68085479736328,8.4625244140625,417.73046875,0.794104278087616
629.8382568359375,-103.721923828125,12.40631103515625,408.6670837402344,0.7889186143875122
558.2960205078125,39.64264678955078,47.7750244140625,251.01904296875,0.775912344455719
