419.86529541015625,174.5952911376953,16.605224609375,36.3829345703125,0.9880604147911072
416.9591064453125,178.23599243164062,15.072113037109375,35.00407409667969,0.9185721278190613
177.50582885742188,142.18165588378906,10.465972900390625,342.4833984375,0.8168380260467529
529.6182861328125,101.64104461669922,8.57440185546875,406.16168212890625,0.8082306981086731
620.1114501953125,105.07332611083984,15.36669921875,252.51821899414062,0.8063024878501892
634.8589477539062,-150.85061645507812,8.7786865234375,457.717529296875,0.7932171821594238
573.2018432617188,110.44328308105469,8.57293701171875,394.71392822265625,0.7919108867645264
634.9010620117188,81.9499282836914,6.021240234375,428.158447265625,0.7900413274765015
334.475341796875,184.6779327392578,28.502105712890625,43.43017578125,0.7843068242073059
624.4296264648438,86.80522155761719,8.3414306640625,400.2061767578125,0.7826321721076965
