210.4552459716797,132.239990234375,19.904861450195312,45.58515930175781,0.9970486760139465
274.1412048339844,133.0976104736328,24.02471923828125,68.80021667480469,0.8134377598762512
228.5531463623047,132.07598876953125,19.6348876953125,45.23106384277344,0.8102255463600159
493.3137512207031,79.20346069335938,6.564178466796875,415.18927001953125,0.7994580864906311
324.5799560546875,93.27567291259766,11.17730712890625,378.520263671875,0.7986945509910583
635.502197265625,13.090124130249023,3.943115234375,448.3707275390625,0.7969386577606201
596.4488525390625,108.50804138183594,4.792724609375,447.2568359375,0.7905629277229309
467.827392578125,118.0567398071289,21.1475830078125,144.60650634765625,0.7808676958084106
625.3991088867188,73.93401336669922,4.47613525390625,450.207763671875,0.7778804302215576
616.4219970703125,196.0229034423828,6.06817626953125,421.2593994140625,0.7768656611442566
