244.23464965820312,143.21356201171875,14.858642578125,28.4390869140625,0.8448018431663513
624.8108520507812,131.8287353515625,13.40850830078125,60.2489013671875,0.8243533372879028
432.5509338378906,136.3480682373047,21.955413818359375,45.96722412109375,0.8224847912788391
605.9261474609375,135.3645782470703,20.40655517578125,53.63273620605469,0.8209723830223083
603.1536254882812,111.83679962158203,4.38433837890625,444.3365478515625,0.7978301644325256
615.1631469726562,131.5303192138672,18.05078125,64.26243591308594,0.795631468296051
600.2340087890625,34.05502700805664,5.15240478515625,438.7981872558594,0.7832522988319397
522.4894409179688,89.00849914550781,6.27081298828125,412.7939453125,0.7676594853401184
286.4248046875,84.45503997802734,10.4822998046875,374.1768798828125,0.766873300075531
237.72540283203125,138.75784301757812,16.24078369140625,29.269744873046875,0.7500684261322021
