273.76422119140625,148.30636596679688,17.23797607421875,34.81864929199219,0.8581458330154419
586.838623046875,111.32695007324219,4.80084228515625,436.86309814453125,0.8304520845413208
267.36529541015625,94.91987609863281,10.55108642578125,361.86395263671875,0.8105083107948303
636.449951171875,59.07285690307617,6.520751953125,356.3654479980469,0.7912512421607971
515.4794921875,147.21820068359375,25.1397705078125,58.31797790527344,0.7886964678764343
485.9211730957031,99.29444885253906,6.9415283203125,395.07183837890625,0.7874391078948975
285.39080810546875,149.4353485107422,18.567779541015625,40.51127624511719,0.7857488989830017
637.5225219726562,38.68083190917969,4.41778564453125,431.4775390625,0.7797518372535706
601.1279907226562,40.18303680419922,5.06915283203125,432.921630859375,0.7783357501029968
300.923095703125,143.0868682861328,7.528533935546875,361.22601318359375,0.7768760323524475
