636.9658203125,44.9131965637207,5.5693359375,383.25335693359375,0.8461947441101074
139.53732299804688,137.75320434570312,20.633148193359375,40.913177490234375,0.8105068206787109
579.8037109375,112.80213928222656,4.88995361328125,430.54693603515625,0.8003529906272888
319.072265625,89.05633544921875,9.017181396484375,372.33740234375,0.7858771085739136
165.97740173339844,133.57675170898438,20.419662475585938,42.1673583984375,0.7857211232185364
126.99504852294922,139.6150360107422,21.044029235839844,37.973297119140625,0.7819209098815918
632.8624877929688,25.29891014099121,4.739990234375,429.176025390625,0.7725349068641663
622.3193969726562,82.232666015625,4.03582763671875,436.90264892578125,0.7646976113319397
409.5930480957031,137.37156677246094,6.27197265625,385.4678955078125,0.7634332180023193
133.40150451660156,135.6793670654297,24.3363037109375,44.45159912109375,0.7553577423095703
