337.2033386230469,123.15652465820312,10.8719482421875,371.424560546875,0.8410072326660156
538.3284301757812,112.92323303222656,9.54473876953125,369.9346923828125,0.8341659307479858
107.21100616455078,134.28912353515625,16.28734588623047,276.05987548828125,0.8260807394981384
118.0514144897461,137.1167755126953,13.112678527832031,327.5166015625,0.8200004696846008
628.9923095703125,68.73367309570312,6.2823486328125,418.6947937011719,0.8169519305229187
561.1846313476562,183.5654754638672,7.8564453125,402.9547119140625,0.8128604292869568
42.93863296508789,187.1297607421875,22.702754974365234,46.7965087890625,0.8086798787117004
635.422607421875,84.19068908691406,4.451904296875,448.59356689453125,0.803716778755188
637.0692138671875,56.96574401855469,5.197998046875,430.51171875,0.7976096272468567
563.5186767578125,-18.400869369506836,20.89508056640625,347.956298828125,0.7905161380767822
