288.982177734375,176.4918212890625,20.5009765625,43.793548583984375,0.9570930004119873
282.17010498046875,177.0814208984375,19.6829833984375,43.41496276855469,0.8236621022224426
635.1617431640625,75.9781265258789,8.569091796875,341.5151672363281,0.8073207139968872
227.64511108398438,139.12457275390625,9.3775634765625,352.2347717285156,0.7991949319839478
490.3901672363281,120.86186981201172,7.999786376953125,405.7000732421875,0.799050509929657
246.01864624023438,181.98556518554688,20.709228515625,37.050384521484375,0.7827322483062744
293.1690368652344,180.88177490234375,19.4476318359375,42.50459289550781,0.7813175320625305
558.847412109375,112.34895324707031,8.026123046875,375.9957275390625,0.7720774412155151
559.8624267578125,202.49620056152344,9.5130615234375,387.79644775390625,0.7702077627182007
604.41162109375,103.9368896484375,9.70733642578125,328.363037109375,0.7600348591804504
