232.91549682617188,180.57008361816406,15.924713134765625,30.399093627929688,0.8722837567329407
237.452880859375,181.4483642578125,15.1600341796875,30.88812255859375,0.8278030157089233
185.78094482421875,178.42910766601562,15.908843994140625,32.48149108886719,0.818243682384491
463.3753662109375,117.48517608642578,8.4893798828125,406.29290771484375,0.8179078698158264
577.4207763671875,95.62905883789062,7.0491943359375,402.8067321777344,0.8166268467903137
214.80609130859375,137.11328125,9.134033203125,351.1094665527344,0.8003492951393127
178.53695678710938,176.40016174316406,17.255355834960938,33.02919006347656,0.7944376468658447
106.37353515625,119.05238342285156,16.39434814453125,298.723876953125,0.7843193411827087
23.686260223388672,164.88970947265625,24.103790283203125,48.641021728515625,0.7741767764091492
242.16622924804688,183.00308227539062,15.44293212890625,28.98699951171875,0.7725334763526917
