425.8196716308594,115.03215026855469,8.483642578125,393.70318603515625,0.8113223314285278
613.6288452148438,85.57025146484375,5.57818603515625,438.976318359375,0.8109193444252014
593.1800537109375,182.08663940429688,8.03204345703125,426.1112976074219,0.8018943667411804
164.40701293945312,132.09388732910156,10.55029296875,348.590576171875,0.7942980527877808
634.5123291015625,109.29586791992188,9.87518310546875,286.65185546875,0.7882381677627563
173.87754821777344,108.09542846679688,13.506011962890625,333.8868103027344,0.7805870175361633
79.29246520996094,174.98829650878906,23.650711059570312,43.51445007324219,0.7768187522888184
494.1807861328125,89.02259063720703,8.40386962890625,391.7412109375,0.7729537487030029
54.66106414794922,172.48605346679688,27.093048095703125,45.2672119140625,0.7662134766578674
543.0451049804688,60.537357330322266,8.2855224609375,390.53680419921875,0.7530937194824219
