566.4327392578125,153.43260192871094,19.09423828125,35.79878234863281,0.871976912021637
141.9178924560547,113.20489501953125,17.195755004882812,302.1748352050781,0.8426331281661987
526.5238037109375,90.10860443115234,10.6322021484375,368.1954650878906,0.8350265026092529
535.1494140625,154.0785675048828,18.324462890625,33.91082763671875,0.8244339227676392
562.84033203125,115.26872253417969,5.70892333984375,419.954833984375,0.8150301575660706
207.09890747070312,132.81105041503906,10.691940307617188,348.28973388671875,0.8107563257217407
451.3252258300781,13.612089157104492,11.845001220703125,248.97821044921875,0.7918610572814941
582.3641357421875,203.47425842285156,7.8616943359375,385.978515625,0.7840299010276794
203.87489318847656,158.988525390625,28.517807006835938,60.142852783203125,0.7830047011375427
241.273681640625,102.02488708496094,48.021728515625,112.34420776367188,0.7826245427131653
