530.2080078125,115.46308898925781,6.29736328125,414.4326171875,0.8103247284889221
136.15191650390625,103.96986389160156,13.40545654296875,323.96319580078125,0.8074908256530762
615.1018676757812,92.7149658203125,4.88287353515625,428.5733642578125,0.7986667156219482
633.626220703125,51.82369613647461,4.37530517578125,424.0247802734375,0.785834550857544
212.32180786132812,135.2422637939453,9.242294311523438,351.865234375,0.7844051122665405
627.0409545898438,52.55615997314453,6.48785400390625,381.80169677734375,0.7816338539123535
634.9169311523438,34.95287322998047,5.05767822265625,419.4933776855469,0.7794176340103149
588.43359375,47.7186279296875,5.93780517578125,419.1087951660156,0.7695804238319397
530.81640625,159.29876708984375,16.632568359375,30.576187133789062,0.7688012719154358
25.986610412597656,163.4766845703125,25.865402221679688,51.032958984375,0.7676687240600586
