631.6927490234375,62.86437225341797,4.4627685546875,440.75372314453125,0.8215100169181824
155.25494384765625,96.42279815673828,12.240020751953125,317.22833251953125,0.815542459487915
165.86289978027344,141.76148986816406,24.443710327148438,53.962890625,0.8133306503295898
595.0696411132812,76.30648803710938,5.73687744140625,411.2831115722656,0.8057882785797119
588.43798828125,200.19879150390625,8.38690185546875,387.21087646484375,0.805039644241333
552.2112426757812,108.3376235961914,5.44775390625,423.6142883300781,0.8022834658622742
131.56793212890625,139.97900390625,25.604598999023438,57.518463134765625,0.8004463911056519
549.3612060546875,50.10563659667969,29.48541259765625,218.97496032714844,0.7907887697219849
178.33419799804688,132.25665283203125,9.739532470703125,337.2423400878906,0.7900013327598572
528.5886840820312,67.38398742675781,6.99945068359375,399.44207763671875,0.7811761498451233
