633.3086547851562,52.038230895996094,10.45635986328125,342.489013671875,0.8669973015785217
634.1447143554688,54.33026885986328,3.80426025390625,450.1277770996094,0.8007251620292664
286.619384765625,133.83657836914062,21.855438232421875,48.18348693847656,0.7998512387275696
604.4776000976562,106.6904525756836,4.0543212890625,442.4396667480469,0.7994765639305115
99.15969848632812,123.05235290527344,15.36444091796875,118.24615478515625,0.7904982566833496
595.1696166992188,211.85049438476562,11.08502197265625,376.4964294433594,0.7798612713813782
274.0858154296875,85.33555603027344,9.84478759765625,363.6490478515625,0.7572457194328308
600.0460815429688,-19.45001983642578,17.04827880859375,316.0960998535156,0.7540539503097534
617.7765502929688,81.35073852539062,4.47857666015625,423.4021301269531,0.7519394755363464
414.808837890625,107.57223510742188,7.906951904296875,343.5950622558594,0.7458940744400024
