628.0510864257812,83.21234893798828,15.1673583984375,304.1337890625,0.8661039471626282
504.537841796875,150.69151306152344,13.74835205078125,26.293289184570312,0.8649752736091614
479.098388671875,150.4304656982422,14.679656982421875,31.266006469726562,0.8296491503715515
511.2232666015625,148.81654357910156,15.0821533203125,27.56549072265625,0.8255751729011536
586.9111938476562,159.34426879882812,6.20928955078125,429.8923034667969,0.8192835450172424
114.71729278564453,147.6646270751953,24.485755920410156,60.92771911621094,0.8152149319648743
209.8831787109375,92.92219543457031,11.35455322265625,343.24517822265625,0.7939669489860535
484.9685974121094,101.89825439453125,7.37030029296875,408.9521484375,0.7930507659912109
550.4136962890625,89.24217224121094,8.4598388671875,390.65325927734375,0.7871125340461731
88.25089263916016,149.6831817626953,28.83190155029297,64.91395568847656,0.786055326461792
