584.3653564453125,163.79531860351562,15.7728271484375,27.399444580078125,0.9358709454536438
20.53335189819336,145.2580108642578,30.911346435546875,71.14222717285156,0.8979257941246033
582.4071655273438,171.86062622070312,6.83349609375,421.2130432128906,0.8335788249969482
621.9783935546875,155.25643920898438,12.640869140625,70.50865173339844,0.8331908583641052
126.99461364746094,117.50697326660156,19.197723388671875,306.69989013671875,0.8150690793991089
528.5870971679688,112.03710174560547,6.98406982421875,419.55438232421875,0.8145339488983154
117.73217010498047,131.78294372558594,10.250663757324219,332.9410400390625,0.7994108200073242
545.07275390625,94.44923400878906,11.14239501953125,396.98114013671875,0.7914181351661682
497.9582214355469,57.02337646484375,15.871002197265625,376.1423645019531,0.7878522276878357
633.8089599609375,73.10845184326172,4.18792724609375,449.6673583984375,0.7823388576507568
