585.78515625,167.4144744873047,14.887939453125,26.628433227539062,0.9289331436157227
522.3922729492188,100.18701171875,9.81573486328125,372.6239318847656,0.8237718343734741
586.3646850585938,174.92372131347656,6.69317626953125,417.68194580078125,0.810106098651886
527.3278198242188,108.68182373046875,6.40765380859375,416.349853515625,0.7998590469360352
633.4973754882812,44.27932357788086,7.25372314453125,405.9290771484375,0.7979920506477356
100.79988098144531,133.98065185546875,10.375999450683594,330.11334228515625,0.7869053483009338
88.52120208740234,105.3401870727539,15.351890563964844,296.5357971191406,0.763949990272522
634.5823974609375,69.13365936279297,3.9324951171875,451.0743408203125,0.7593929171562195
590.4752197265625,160.843017578125,14.97247314453125,38.24085998535156,0.756859302520752
63.47604751586914,149.2321319580078,24.874431610107422,120.63423156738281,0.7459102869033813
