585.7099609375,166.4250946044922,14.30145263671875,27.220794677734375,0.9424271583557129
583.1917724609375,164.43838500976562,14.50360107421875,33.55653381347656,0.8425872325897217
561.7024536132812,172.7711639404297,7.26458740234375,407.518798828125,0.8252007365226746
539.5128173828125,166.7869415283203,15.83502197265625,25.631134033203125,0.8224351406097412
502.1878662109375,99.70916748046875,10.3680419921875,367.4997253417969,0.8214504718780518
462.9182434082031,106.306396484375,7.94281005859375,403.5392761230469,0.8060387969017029
104.36161804199219,130.5371856689453,10.389579772949219,335.04815673828125,0.7871642708778381
85.89140319824219,104.82083129882812,15.541854858398438,296.8768005371094,0.7633615136146545
635.2211303710938,68.62451171875,3.83392333984375,454.3333740234375,0.7524799108505249
431.0096435546875,78.29548645019531,10.890411376953125,379.51513671875,0.752323567867279
