586.15673828125,169.11412048339844,14.8648681640625,26.9481201171875,0.9708206653594971
535.1094970703125,99.64874267578125,8.96160888671875,380.4223327636719,0.832507848739624
601.3212280273438,162.28140258789062,5.71441650390625,436.1647644042969,0.827839195728302
519.7841796875,107.23388671875,6.68487548828125,418.2200927734375,0.8167043328285217
581.657470703125,168.9705047607422,15.48162841796875,31.741928100585938,0.8041324019432068
151.22421264648438,129.00747680664062,10.252975463867188,350.3454895019531,0.7970818281173706
164.42222595214844,99.41033172607422,13.036041259765625,335.698974609375,0.7926809787750244
629.4449462890625,68.77630615234375,6.01409912109375,418.1125183105469,0.7900027632713318
632.770263671875,77.30300903320312,4.5401611328125,445.4323425292969,0.7897142767906189
609.2236938476562,-80.94337463378906,10.889892578125,407.9029541015625,0.7854593992233276
