552.846435546875,171.61660766601562,13.8316650390625,23.770889282226562,0.8715245723724365
586.160400390625,170.573974609375,14.4285888671875,25.838607788085938,0.852877140045166
588.0980834960938,167.87710571289062,6.5496826171875,426.7616882324219,0.8447362184524536
544.01806640625,109.17969512939453,6.27099609375,424.57354736328125,0.8222062587738037
535.654052734375,98.75257110595703,10.4202880859375,385.12554931640625,0.8191852569580078
109.80867004394531,112.8503189086914,16.224029541015625,300.62896728515625,0.7996706366539001
110.87721252441406,129.2060089111328,10.59954833984375,343.6451416015625,0.7909048199653625
633.8248901367188,75.26783752441406,4.189208984375,447.79168701171875,0.7850965857505798
631.1498413085938,65.67672729492188,5.55889892578125,423.3587341308594,0.76481032371521
449.3561096191406,78.13137817382812,11.092987060546875,386.8309631347656,0.7593335509300232
