585.8256225585938,170.06640625,14.9630126953125,27.376937866210938,0.9658390879631042
599.5406494140625,164.89236450195312,5.991943359375,434.1149597167969,0.8482183218002319
558.4635009765625,171.16897583007812,14.32269287109375,24.616470336914062,0.835070013999939
529.9118041992188,100.53536224365234,10.7183837890625,380.1949462890625,0.8251618146896362
175.76583862304688,106.93479919433594,13.310577392578125,327.62835693359375,0.824196457862854
534.5738525390625,110.79747772216797,6.51507568359375,421.00469970703125,0.821600615978241
580.672119140625,171.30816650390625,16.109619140625,30.491378784179688,0.8140719532966614
633.2243041992188,76.38806915283203,4.35418701171875,445.8470458984375,0.7898156642913818
98.51652526855469,130.75425720214844,10.801239013671875,340.0166015625,0.789752721786499
263.25390625,114.23483276367188,25.7091064453125,237.03817749023438,0.7860044836997986
