524.425537109375,102.55766296386719,9.98779296875,371.69140625,0.8370440602302551
599.7243041992188,168.2860565185547,5.81414794921875,429.2132568359375,0.8340000510215759
580.21533203125,169.93650817871094,14.81298828125,31.752212524414062,0.8114563226699829
530.1087646484375,111.55403137207031,6.48583984375,419.04547119140625,0.8059191703796387
99.34458923339844,130.85350036621094,11.229438781738281,336.3173828125,0.7967264652252197
123.98513793945312,150.4693145751953,27.237838745117188,137.76588439941406,0.7833890318870544
113.28408813476562,109.35836791992188,14.393890380859375,303.4142150878906,0.7821360230445862
118.27208709716797,166.1770477294922,29.83928680419922,58.25048828125,0.7796432375907898
633.72119140625,75.76144409179688,4.2857666015625,448.5596618652344,0.7781451940536499
466.0519104003906,81.92201232910156,9.963531494140625,385.72796630859375,0.7699393630027771
