585.6220092773438,171.23464965820312,14.44384765625,25.022689819335938,0.9559810757637024
546.7307739257812,99.22521209716797,8.23699951171875,385.6055603027344,0.8268445730209351
515.6556396484375,107.92180633544922,6.77337646484375,413.7996826171875,0.8106105923652649
590.0316772460938,171.98655700683594,6.69818115234375,425.45843505859375,0.805180013179779
580.7388916015625,172.35025024414062,15.40228271484375,28.703643798828125,0.7958972454071045
151.78636169433594,102.26922607421875,13.18328857421875,326.31951904296875,0.7787556648254395
634.0257568359375,75.14054870605469,4.19195556640625,449.1048583984375,0.775414764881134
101.0670394897461,166.9800262451172,27.514244079589844,49.64006042480469,0.7668970227241516
80.65773010253906,162.8153533935547,30.684677124023438,58.046783447265625,0.7657749056816101
54.39391326904297,162.14295959472656,33.64276885986328,59.27445983886719,0.7645254135131836
