472.58447265625,167.5071258544922,19.7523193359375,38.12513732910156,0.9646656513214111
424.2142028808594,165.1086883544922,18.0941162109375,31.376007080078125,0.8766370415687561
556.3978271484375,125.3910140991211,5.77044677734375,411.7001037597656,0.8128803372383118
137.07882690429688,139.6389923095703,10.301177978515625,328.93572998046875,0.8100311160087585
633.0446166992188,114.42855072021484,10.48187255859375,219.6182861328125,0.80516517162323
586.7799072265625,100.02973175048828,7.53955078125,405.0021057128906,0.7990190982818604
124.85859680175781,126.46517944335938,15.492477416992188,289.54376220703125,0.7879498600959778
634.6514892578125,69.7337875366211,3.990234375,446.4346008300781,0.779397189617157
484.3955078125,62.967994689941406,30.96142578125,187.43988037109375,0.7784190773963928
523.4681396484375,88.49768829345703,7.659423828125,397.40374755859375,0.7753198742866516
