569.8762817382812,108.96662139892578,5.4300537109375,431.37042236328125,0.8184593915939331
618.3740844726562,83.30367279052734,4.83380126953125,430.0949401855469,0.7905444502830505
596.5824584960938,213.95175170898438,8.00469970703125,379.5044860839844,0.7700127959251404
146.25772094726562,138.8269805908203,10.19158935546875,332.72210693359375,0.7643091082572937
635.9093017578125,48.518699645996094,5.58538818359375,413.18695068359375,0.7467151284217834
326.78472900390625,116.96221923828125,10.275665283203125,328.8551940917969,0.7450840473175049
626.901611328125,48.720890045166016,12.79864501953125,336.6303405761719,0.7428441643714905
635.6856689453125,24.81903076171875,4.177978515625,445.5033264160156,0.7414437532424927
544.092041015625,131.6681365966797,15.72174072265625,139.43394470214844,0.7385038137435913
107.977783203125,107.81658935546875,14.790245056152344,310.2991638183594,0.7317904829978943
