529.6848754882812,162.91575622558594,21.0218505859375,43.77668762207031,0.8974695205688477
522.876708984375,162.60714721679688,21.74420166015625,44.43965148925781,0.8744705319404602
56.90525436401367,179.7838897705078,12.017253875732422,27.164810180664062,0.8378896713256836
467.01898193359375,164.89132690429688,19.56085205078125,37.07801818847656,0.8188502192497253
208.43759155273438,158.71939086914062,10.475967407226562,323.41790771484375,0.8121419548988342
637.3572998046875,52.92344665527344,4.7279052734375,430.7130126953125,0.8060919046401978
115.55917358398438,121.96994018554688,18.711273193359375,299.7879333496094,0.8057746291160583
627.8612060546875,155.22950744628906,13.2232666015625,106.77183532714844,0.8034104108810425
458.90570068359375,93.06146240234375,9.43255615234375,369.98870849609375,0.7986664175987244
496.3280029296875,162.62571716308594,20.61944580078125,40.91795349121094,0.7912418246269226
