504.90155029296875,161.77130126953125,19.0009765625,46.83586120605469,0.875374972820282
233.86270141601562,140.7373504638672,8.87542724609375,352.7586669921875,0.808458685874939
195.38558959960938,109.79224395751953,12.509796142578125,332.2546081542969,0.8068922162055969
522.485107421875,122.10169219970703,7.648193359375,415.41046142578125,0.801054835319519
630.6046752929688,-39.1834831237793,18.13519287109375,367.7386169433594,0.7953102588653564
416.0653381347656,168.6368865966797,16.67633056640625,30.63671875,0.78702312707901
636.2801513671875,90.43199920654297,4.17279052734375,452.49169921875,0.7836350798606873
590.4381103515625,109.2312240600586,7.39935302734375,401.8990478515625,0.779160737991333
457.8222351074219,163.44749450683594,21.99224853515625,43.409698486328125,0.7630916833877563
631.8108520507812,150.0002899169922,10.27093505859375,114.41889953613281,0.7630112171173096
