485.2427978515625,171.23092651367188,17.973175048828125,41.23173522949219,0.9180541634559631
520.4012451171875,118.27151489257812,6.4168701171875,407.2838439941406,0.8510278463363647
471.5835266113281,170.3514862060547,46.340423583984375,42.8763427734375,0.8469001054763794
595.3914184570312,96.84212493896484,6.12384033203125,410.43902587890625,0.8164383172988892
631.7056884765625,62.71612548828125,5.397705078125,423.01776123046875,0.8135861158370972
133.31678771972656,115.0993423461914,13.931838989257812,309.10906982421875,0.8075978755950928
514.2650756835938,165.49485778808594,22.930419921875,48.08280944824219,0.800483226776123
166.7821044921875,136.90292358398438,10.003860473632812,340.40869140625,0.7970923781394958
636.4678344726562,71.8160400390625,4.64874267578125,438.55755615234375,0.7858556509017944
631.4465942382812,-72.11477661132812,16.76019287109375,396.1186218261719,0.7806999087333679
