443.5823974609375,164.3871612548828,14.814453125,32.0345458984375,0.9465848803520203
581.1390991210938,117.76219177246094,5.2117919921875,431.6552734375,0.8109372854232788
634.36328125,41.242774963378906,5.61572265625,424.5311279296875,0.7842281460762024
221.1376953125,143.81858825683594,8.9808349609375,344.17724609375,0.7840796709060669
233.1920623779297,105.7637939453125,12.23297119140625,349.57733154296875,0.778374969959259
624.1027221679688,83.91978454589844,4.5579833984375,443.51300048828125,0.7626311182975769
551.8702392578125,89.1031723022461,7.33251953125,413.2882080078125,0.7490790486335754
445.2034912109375,163.6474151611328,17.2000732421875,34.849090576171875,0.7474244236946106
635.1445922851562,116.07258605957031,7.89654541015625,221.49623107910156,0.7465695738792419
611.9591674804688,203.39859008789062,7.87884521484375,413.0354309082031,0.7349950075149536
