608.1122436523438,130.52420043945312,25.5750732421875,77.83836364746094,0.9217426180839539
152.63446044921875,150.36378479003906,18.41400146484375,38.10841369628906,0.7962587475776672
619.999267578125,88.00902557373047,4.88836669921875,442.20709228515625,0.7954431176185608
250.36990356445312,92.86767578125,11.57562255859375,366.7320861816406,0.7836599349975586
592.78955078125,121.26730346679688,4.787353515625,435.0103454589844,0.778194010257721
605.825927734375,194.53759765625,6.1893310546875,412.412353515625,0.7766129374504089
574.1356811523438,48.04638671875,6.54595947265625,415.294921875,0.770222008228302
626.3388061523438,50.744075775146484,6.98455810546875,390.4673156738281,0.7650829553604126
605.1505126953125,137.8415985107422,24.129150390625,69.48136901855469,0.7644281387329102
157.5157928466797,151.6175537109375,18.143768310546875,35.64582824707031,0.7588096857070923
