619.098388671875,86.83580780029297,5.15155029296875,440.14459228515625,0.7900992035865784
361.5089111328125,164.053466796875,16.4501953125,38.20628356933594,0.7895829081535339
104.25688934326172,158.9157257080078,24.132423400878906,64.884765625,0.7798324823379517
533.8402099609375,117.37207794189453,7.35986328125,426.291015625,0.7765186429023743
192.99330139160156,100.06715393066406,14.120635986328125,345.01495361328125,0.7700651288032532
344.2326354980469,96.89677429199219,18.149810791015625,213.5082550048828,0.7638324499130249
350.46575927734375,164.3226776123047,17.156158447265625,38.18058776855469,0.7595124840736389
576.999755859375,47.36899948120117,6.450927734375,414.06658935546875,0.7551050186157227
615.0279541015625,156.818359375,16.469970703125,51.113922119140625,0.7539411783218384
50.938331604003906,154.6264190673828,22.37293243408203,68.15676879882812,0.7476261854171753
