594.7295532226562,93.3415756225586,6.10418701171875,413.8807067871094,0.8152923583984375
606.7772827148438,116.733154296875,4.49615478515625,448.1912841796875,0.8054783940315247
599.0418701171875,175.62606811523438,6.5833740234375,430.9403991699219,0.7969212532043457
518.72314453125,168.32427978515625,18.772216796875,46.393768310546875,0.7931937575340271
630.2752685546875,70.89888000488281,5.426513671875,410.47821044921875,0.7908927798271179
621.3753051757812,168.7061004638672,14.47161865234375,44.360809326171875,0.7892010807991028
59.95771789550781,164.85733032226562,31.22857666015625,84.19583129882812,0.7871384620666504
551.6480712890625,56.559593200683594,9.91900634765625,401.15655517578125,0.7855749130249023
633.6837158203125,72.2496109008789,4.266357421875,449.7345275878906,0.7820371985435486
619.3110961914062,-48.422569274902344,16.80120849609375,349.63702392578125,0.7758557200431824
