347.4801940917969,138.64329528808594,19.57177734375,49.48663330078125,0.9427722096443176
349.03741455078125,144.1616973876953,20.6903076171875,48.75852966308594,0.8236708045005798
587.7916259765625,118.35692596435547,4.84619140625,430.60491943359375,0.8171096444129944
218.91563415527344,103.97280883789062,11.058731079101562,333.4875183105469,0.8026113510131836
637.138427734375,77.03514862060547,3.3822021484375,459.93438720703125,0.7752864360809326
569.8681030273438,96.52099609375,22.48016357421875,138.2266845703125,0.7725133895874023
609.0050048828125,-21.624740600585938,22.06109619140625,309.26727294921875,0.7701666951179504
634.8325805664062,91.12466430664062,8.29852294921875,228.83413696289062,0.7585126161575317
571.068603515625,47.48604202270508,5.982666015625,401.4893493652344,0.7551558613777161
356.3528747558594,146.81565856933594,19.721466064453125,45.97514343261719,0.7516501545906067
