383.8063049316406,157.3391876220703,20.203643798828125,51.677398681640625,0.8825798630714417
474.11053466796875,160.13482666015625,21.88446044921875,50.65229797363281,0.8567861318588257
394.7760009765625,158.3760986328125,23.02545166015625,86.43310546875,0.8283488154411316
562.0035400390625,117.05327606201172,5.7889404296875,423.67169189453125,0.8198590874671936
635.3170776367188,92.13677978515625,8.31671142578125,290.0815124511719,0.8187993764877319
611.7977294921875,76.51155090332031,6.159912109375,432.050537109375,0.8177304863929749
636.072021484375,59.085289001464844,5.7386474609375,453.4308776855469,0.7987255454063416
555.8193359375,242.92550659179688,15.16363525390625,337.6885070800781,0.7950080633163452
155.19883728027344,104.13497161865234,13.555679321289062,326.2596740722656,0.7910449504852295
420.09417724609375,156.6807403564453,21.912689208984375,53.33587646484375,0.7814415097236633
