442.81256103515625,132.63734436035156,23.314208984375,59.08564758300781,0.8501467704772949
421.20184326171875,129.4249267578125,22.4666748046875,52.73774719238281,0.8411290049552917
636.393798828125,46.19158935546875,6.297119140625,358.5069580078125,0.8386316895484924
609.212646484375,120.93688201904297,4.22088623046875,434.50726318359375,0.8040752410888672
399.411376953125,87.57012939453125,7.67718505859375,396.0190124511719,0.7845893502235413
634.4239501953125,22.14413070678711,4.31390380859375,440.2272033691406,0.7758380770683289
628.1744995117188,40.11674880981445,7.40191650390625,390.4783935546875,0.7753954529762268
579.5390014648438,10.771136283874512,7.56768798828125,349.4209899902344,0.7729231119155884
472.7837829589844,64.23424530029297,9.920257568359375,234.40069580078125,0.7662151455879211
619.6674194335938,24.690399169921875,4.0050048828125,449.2945251464844,0.7549216151237488
