499.82354736328125,131.35079956054688,20.52813720703125,47.624664306640625,0.9330875277519226
530.5986328125,126.75503540039062,24.267578125,58.833984375,0.9136011600494385
509.1895751953125,128.5470428466797,22.49005126953125,52.06141662597656,0.8987780213356018
614.2485961914062,131.02679443359375,3.6905517578125,424.86968994140625,0.821984052658081
339.25274658203125,90.65042114257812,8.38995361328125,376.83013916015625,0.8204845190048218
499.7071838378906,142.66012573242188,19.922027587890625,47.010589599609375,0.7817022800445557
593.1820068359375,129.99696350097656,37.9647216796875,66.29859924316406,0.7779963612556458
631.1741943359375,51.547821044921875,8.8746337890625,373.9152526855469,0.7766992449760437
619.8270874023438,28.475303649902344,3.94354248046875,450.86968994140625,0.7748683094978333
638.033935546875,85.8138198852539,2.6873779296875,459.8674621582031,0.7713183760643005
