544.3055419921875,141.6904754638672,22.4736328125,59.24348449707031,0.8983667492866516
572.1649780273438,119.07451629638672,5.8138427734375,430.84063720703125,0.8187446594238281
637.3546142578125,42.473087310791016,4.79022216796875,440.9552307128906,0.7891935110092163
636.8112182617188,64.390869140625,4.30877685546875,451.05511474609375,0.7783377170562744
597.206787109375,42.61450958251953,5.43389892578125,433.59375,0.7772959470748901
394.2214660644531,116.03547668457031,9.0567626953125,359.8875732421875,0.7715087532997131
159.0733184814453,104.84127044677734,13.160736083984375,327.6650695800781,0.7673766016960144
578.9395751953125,118.33832550048828,16.924072265625,220.0228271484375,0.7662755250930786
601.5285034179688,71.05587768554688,4.64080810546875,444.2720031738281,0.7540008425712585
633.824951171875,36.63322448730469,4.94464111328125,434.27703857421875,0.7497356534004211
