544.3360595703125,172.06358337402344,22.38092041015625,53.01707458496094,0.9959502220153809
466.97979736328125,177.6134490966797,16.43280029296875,38.5565185546875,0.8765133619308472
618.6926879882812,160.5242919921875,14.176513671875,138.05316162109375,0.8417949676513672
542.43310546875,173.3955535888672,18.41241455078125,49.17500305175781,0.8202113509178162
568.9371948242188,110.14400482177734,8.6280517578125,395.21026611328125,0.8174127340316772
465.02423095703125,181.21063232421875,17.4725341796875,39.70263671875,0.8062383532524109
518.5506591796875,120.62654876708984,8.0843505859375,421.5642395019531,0.8024367690086365
165.70022583007812,132.49952697753906,10.644195556640625,350.998046875,0.7827779054641724
617.0505981445312,94.44287109375,8.24822998046875,400.9550476074219,0.7827568054199219
637.743408203125,92.15078735351562,3.2684326171875,457.8261413574219,0.7811301350593567
