479.342529296875,186.01878356933594,20.145263671875,35.73002624511719,0.9709712266921997
459.8608093261719,190.45045471191406,18.85162353515625,33.36433410644531,0.8344106674194336
436.7613525390625,127.25516510009766,9.0228271484375,390.8072814941406,0.8301672339439392
76.75176239013672,142.86146545410156,15.126708984375,314.5526123046875,0.8293420076370239
488.06658935546875,183.36236572265625,20.939483642578125,38.36041259765625,0.8261247873306274
556.44677734375,104.81753540039062,9.48834228515625,399.32061767578125,0.8250016570091248
629.9061889648438,79.41835021972656,5.87481689453125,407.43157958984375,0.7953668832778931
556.7855834960938,195.95346069335938,8.64031982421875,393.9649353027344,0.7827482223510742
69.13846588134766,153.33460998535156,17.968894958496094,240.2588653564453,0.7798248529434204
632.443359375,139.78732299804688,12.2620849609375,211.58956909179688,0.7682473659515381
