524.5116577148438,112.79354095458984,6.68988037109375,420.0449523925781,0.8272871971130371
68.57048797607422,177.7647247314453,27.935546875,83.65440368652344,0.820569634437561
618.164306640625,89.91786193847656,8.727294921875,374.95843505859375,0.8129092454910278
618.7593383789062,152.70947265625,14.49554443359375,134.4661865234375,0.8097442388534546
186.3548126220703,133.3114013671875,9.93255615234375,354.4298400878906,0.8084989190101624
629.7053833007812,-34.964317321777344,19.83001708984375,365.0350036621094,0.793174147605896
589.9913330078125,100.7026138305664,6.8980712890625,411.7790832519531,0.7928517460823059
82.42051696777344,186.10433959960938,23.07123565673828,64.26119995117188,0.790582001209259
472.8885498046875,175.77012634277344,18.29278564453125,39.98521423339844,0.7830582857131958
558.06591796875,84.00762939453125,6.7626953125,418.4460144042969,0.776477575302124
