490.0888671875,117.99569702148438,7.89666748046875,409.1775207519531,0.8129428029060364
599.4461669921875,97.66064453125,6.52789306640625,423.48004150390625,0.7970888018608093
158.88644409179688,136.43533325195312,10.618240356445312,348.8188781738281,0.7958335876464844
593.9763793945312,182.3791961669922,7.39141845703125,422.34320068359375,0.7778450846672058
190.05943298339844,118.38827514648438,14.029495239257812,331.883056640625,0.7693287134170532
636.7428588867188,74.43138885498047,4.635009765625,447.70428466796875,0.7645664215087891
551.9034423828125,88.34651184082031,7.31988525390625,416.99462890625,0.7523077726364136
66.36991882324219,187.89511108398438,23.988540649414062,71.24349975585938,0.7473880648612976
637.5712890625,48.39446258544922,4.50579833984375,443.1489562988281,0.735390841960907
634.16162109375,76.58930969238281,5.03692626953125,436.78240966796875,0.7274131774902344
