472.10211181640625,170.138916015625,20.49578857421875,54.068206787109375,0.8817734718322754
35.01487350463867,185.446533203125,17.66114044189453,36.228759765625,0.8537483215332031
543.2919311523438,114.63993072509766,6.6182861328125,423.9882507324219,0.8474852442741394
38.878910064697266,185.56356811523438,16.566776275634766,33.92933654785156,0.8421217203140259
503.1744079589844,113.8058853149414,11.816864013671875,360.94866943359375,0.841799795627594
212.78271484375,138.09320068359375,10.10528564453125,349.71990966796875,0.8367160558700562
566.4569702148438,-27.476390838623047,21.935546875,348.139892578125,0.8334177732467651
51.8815803527832,148.0228271484375,22.165889739990234,237.67926025390625,0.8223612904548645
619.30615234375,-64.0918197631836,22.3253173828125,353.4706115722656,0.8194693922996521
41.503700256347656,186.16575622558594,17.28644561767578,33.899261474609375,0.8150022029876709
