455.74322509765625,120.04881286621094,8.43695068359375,398.47991943359375,0.8104358911514282
570.710693359375,109.13594055175781,7.95831298828125,393.09002685546875,0.8100793957710266
534.0482177734375,185.89439392089844,21.81475830078125,40.05354309082031,0.8095647692680359
365.69219970703125,182.87620544433594,16.32568359375,30.158355712890625,0.7962669730186462
633.036376953125,68.83773040771484,5.2728271484375,433.30120849609375,0.7960609197616577
162.00559997558594,142.21446228027344,11.073333740234375,335.99462890625,0.7955915331840515
541.2799682617188,203.94863891601562,9.37957763671875,378.4840393066406,0.7732722163200378
637.3207397460938,50.929840087890625,4.89422607421875,435.9721984863281,0.7697623372077942
545.0350341796875,86.6298828125,7.464599609375,416.4126281738281,0.7644262909889221
630.0215454101562,83.64246368408203,5.69110107421875,431.12457275390625,0.7639616131782532
