417.07421875,188.31832885742188,16.5933837890625,33.19123840332031,0.8550925254821777
469.6049499511719,183.84417724609375,17.864288330078125,37.862152099609375,0.8540798425674438
413.3684997558594,192.46827697753906,14.83001708984375,29.394638061523438,0.8485531210899353
465.582763671875,186.6280975341797,17.98760986328125,38.742950439453125,0.8378927111625671
219.06446838378906,137.68328857421875,9.515380859375,356.4410705566406,0.811194896697998
625.4026489257812,161.70437622070312,18.9278564453125,197.96951293945312,0.8097885847091675
517.7921142578125,115.5039291381836,7.3408203125,416.8246154785156,0.8079215884208679
631.4786376953125,103.09225463867188,11.55712890625,282.4539489746094,0.7794653177261353
598.8388061523438,106.68244934082031,15.08819580078125,281.43621826171875,0.7606834173202515
631.1764526367188,82.27033233642578,5.38818359375,435.88836669921875,0.7405508160591125
