440.2996520996094,185.7289581298828,17.017059326171875,35.758697509765625,0.9311882853507996
625.38427734375,87.73063659667969,6.99163818359375,390.64605712890625,0.8397276401519775
471.8407897949219,183.8875274658203,17.495941162109375,52.814422607421875,0.8364425897598267
154.80091857910156,148.9906005859375,11.502395629882812,329.1424865722656,0.8349756598472595
474.44281005859375,127.27569580078125,7.9832763671875,396.71337890625,0.8286979794502258
572.177001953125,111.79960632324219,8.7340087890625,397.803466796875,0.8278762698173523
92.22443389892578,155.54965209960938,16.999267578125,251.87466430664062,0.8120461702346802
526.6192016601562,236.1222686767578,13.8883056640625,343.481689453125,0.805892825126648
627.1513671875,90.38616943359375,7.66571044921875,411.3051452636719,0.78764808177948
629.4695434570312,91.7746810913086,5.98468017578125,428.4023742675781,0.7744306921958923
