427.9672546386719,182.4416961669922,18.018951416015625,37.58357238769531,0.9446654319763184
461.85760498046875,182.94664001464844,18.77752685546875,38.30912780761719,0.8440595269203186
562.0010375976562,110.20355987548828,8.22967529296875,386.28240966796875,0.8338050246238708
61.82379150390625,193.1421356201172,22.2320556640625,46.89585876464844,0.8098410964012146
172.06033325195312,137.79794311523438,10.878952026367188,346.7922668457031,0.8082548379898071
439.2074890136719,184.5033416748047,18.0025634765625,37.508575439453125,0.8050525188446045
424.7057800292969,183.59378051757812,16.36993408203125,35.65699768066406,0.8042172789573669
513.923828125,116.91813659667969,7.5445556640625,418.05078125,0.7991390228271484
631.0220947265625,74.3477554321289,6.33831787109375,428.9444580078125,0.794258177280426
541.3982543945312,92.07847595214844,7.96954345703125,417.03424072265625,0.7900912165641785
