452.81658935546875,177.40895080566406,17.311614990234375,40.178924560546875,0.9405146241188049
455.520751953125,181.96543884277344,17.923736572265625,40.732330322265625,0.8379087448120117
633.8928833007812,107.4514389038086,10.39227294921875,278.0672302246094,0.8354585766792297
471.72296142578125,174.56399536132812,16.882843017578125,41.83302307128906,0.8296166062355042
478.2225036621094,116.02255249023438,8.399444580078125,409.0276184082031,0.8292128443717957
609.4292602539062,89.3995132446289,5.87969970703125,433.1289367675781,0.7959122657775879
210.64537048339844,128.61907958984375,9.987335205078125,361.4771728515625,0.7909207940101624
497.5120849609375,92.30076599121094,8.4835205078125,392.62481689453125,0.7788516283035278
554.44873046875,189.06118774414062,10.82208251953125,404.9206237792969,0.7679183483123779
575.7303466796875,17.396621704101562,25.53131103515625,266.1943359375,0.7591622471809387
