627.5712890625,168.5052032470703,14.00885009765625,103.94834899902344,0.8523974418640137
542.9571533203125,115.46954345703125,7.3280029296875,430.64697265625,0.8398326635360718
181.1361541748047,136.39732360839844,16.026535034179688,310.26763916015625,0.8380938768386841
450.86651611328125,179.1541748046875,18.94927978515625,38.88627624511719,0.8314459919929504
189.76478576660156,127.91512298583984,11.870651245117188,363.32452392578125,0.8291217684745789
549.8287353515625,107.14414978027344,10.7230224609375,396.8712158203125,0.8001351356506348
458.6134033203125,182.93614196777344,20.241912841796875,42.21888732910156,0.7878931760787964
221.59085083007812,188.63409423828125,22.354156494140625,52.27757263183594,0.7789791226387024
483.5174255371094,178.80433654785156,19.32220458984375,41.07958984375,0.7763475775718689
584.7841796875,182.42495727539062,7.7823486328125,422.9231262207031,0.7673033475875854
