452.8827209472656,127.13477325439453,8.648681640625,393.82684326171875,0.8304649591445923
631.4862670898438,76.66574096679688,5.4539794921875,415.1949768066406,0.8229539394378662
548.592041015625,110.07674407958984,9.31805419921875,384.4692687988281,0.8168922066688538
73.48796081542969,140.12307739257812,14.507408142089844,320.0079040527344,0.8053244948387146
404.0756530761719,106.41108703613281,12.6705322265625,368.14056396484375,0.7988455891609192
494.3013916015625,184.41415405273438,21.50665283203125,45.45050048828125,0.795422375202179
513.9011840820312,239.7982635498047,14.9002685546875,335.26092529296875,0.7871524691581726
72.13959503173828,145.45794677734375,19.90894317626953,260.47430419921875,0.7752406001091003
635.443115234375,86.80131530761719,5.761474609375,427.87078857421875,0.7655794024467468
480.3077392578125,185.98886108398438,20.466827392578125,41.54225158691406,0.7646536231040955
