437.033203125,129.9887237548828,8.715362548828125,387.170166015625,0.8483210206031799
565.3192749023438,109.2543716430664,8.53802490234375,394.20098876953125,0.832047164440155
88.07247924804688,137.44662475585938,17.66100311279297,272.60198974609375,0.8189108371734619
157.29254150390625,136.3750457763672,11.62890625,346.08026123046875,0.8165432214736938
625.6442260742188,170.45237731933594,14.974609375,94.96064758300781,0.8131815791130066
516.9931640625,179.0330810546875,23.65911865234375,51.384979248046875,0.7680400609970093
636.6146240234375,62.65645980834961,6.04864501953125,420.1187744140625,0.7600898146629333
446.22760009765625,103.1484146118164,10.1094970703125,372.8514709472656,0.7595240473747253
529.7269897460938,211.656982421875,12.05963134765625,367.967529296875,0.7527051568031311
138.69493103027344,152.73486328125,17.607070922851562,269.4990234375,0.7430902719497681
