497.1036071777344,175.31939697265625,21.954437255859375,51.61253356933594,0.8711932301521301
455.0838928222656,182.29193115234375,19.810394287109375,40.70198059082031,0.858208179473877
445.738525390625,180.94442749023438,16.42950439453125,34.65791320800781,0.8121786713600159
450.2353210449219,183.36660766601562,19.04901123046875,40.1751708984375,0.8086352348327637
240.55763244628906,138.34585571289062,9.261734008789062,361.41455078125,0.8081475496292114
515.2009887695312,175.779541015625,21.58746337890625,50.78614807128906,0.8048550486564636
535.6312255859375,173.56500244140625,21.9888916015625,51.5029296875,0.8018656373023987
545.26953125,86.52168273925781,7.28564453125,414.66021728515625,0.7914950251579285
586.048095703125,175.2696075439453,27.6004638671875,57.77009582519531,0.7850945591926575
176.57838439941406,115.403564453125,13.553695678710938,331.2989196777344,0.7830177545547485
