471.7269287109375,183.13279724121094,14.74884033203125,35.94090270996094,0.9324440360069275
491.10791015625,118.23136901855469,7.93341064453125,409.04449462890625,0.8156822323799133
467.810302734375,184.96170043945312,15.54119873046875,35.76307678222656,0.8126744031906128
122.63495635986328,187.41555786132812,25.12090301513672,38.69532775878906,0.8116147518157959
230.22315979003906,138.16160583496094,9.080703735351562,358.15399169921875,0.8092042207717896
637.0996704101562,102.78548431396484,4.94122314453125,433.2663879394531,0.7904250025749207
595.3718872070312,96.65641021728516,7.08319091796875,424.0920104980469,0.7888191342353821
407.00152587890625,182.6820831298828,15.13055419921875,34.66761779785156,0.7750079035758972
544.1331787109375,89.5726089477539,7.3316650390625,409.7471008300781,0.7606469988822937
636.2824096679688,-159.441162109375,6.275634765625,459.62127685546875,0.7587747573852539
