529.8706665039062,182.55873107910156,15.893798828125,35.04695129394531,0.9277114272117615
632.212646484375,-54.56100845336914,15.02117919921875,383.10321044921875,0.8440137505531311
384.2706604003906,123.07003784179688,9.37774658203125,377.2949523925781,0.8228394389152527
574.7437133789062,99.08677673339844,8.3026123046875,407.2742919921875,0.8136715888977051
136.18649291992188,135.53616333007812,11.220062255859375,341.8612365722656,0.8084388375282288
522.6856689453125,182.79434204101562,14.7445068359375,34.79905700683594,0.7931703925132751
633.3416137695312,125.0325927734375,10.962890625,233.67044067382812,0.7890499234199524
471.93768310546875,100.04186248779297,9.54681396484375,381.9095153808594,0.7865549921989441
495.756591796875,190.37493896484375,16.15045166015625,34.56158447265625,0.7819384336471558
627.0469970703125,83.33690643310547,6.548095703125,386.3675231933594,0.7812032103538513
