107.67192840576172,140.6136016845703,11.67388916015625,322.71026611328125,0.8217983841896057
626.1218872070312,81.25308227539062,6.85321044921875,399.16680908203125,0.8213656544685364
102.1506576538086,159.1819305419922,19.835800170898438,256.06195068359375,0.8109078407287598
576.07177734375,107.72166442871094,8.8077392578125,407.19757080078125,0.8094794750213623
533.2362060546875,134.60252380371094,7.84405517578125,414.40179443359375,0.7906463146209717
629.8751220703125,152.1182098388672,14.82940673828125,189.92466735839844,0.7704079151153564
627.8179931640625,146.12960815429688,12.9140625,131.31231689453125,0.7667117118835449
630.4380493164062,99.4940185546875,9.04962158203125,390.3250732421875,0.7611430883407593
576.4889526367188,233.67242431640625,14.81964111328125,361.48193359375,0.7611367106437683
634.3199462890625,75.83428955078125,4.8377685546875,440.15252685546875,0.7600303888320923
