628.482177734375,76.35233306884766,5.6856689453125,400.0694580078125,0.843418300151825
505.00634765625,115.8416748046875,7.01690673828125,410.57147216796875,0.8306937217712402
504.5918273925781,172.5612030029297,15.706268310546875,34.33000183105469,0.8168256878852844
585.2055053710938,104.60516357421875,7.00146484375,402.0866394042969,0.7884451746940613
629.2874755859375,-44.152923583984375,20.8900146484375,362.5809020996094,0.7877674102783203
165.04904174804688,135.04656982421875,10.873672485351562,347.77593994140625,0.7843077778816223
81.5693359375,179.26113891601562,23.882598876953125,85.87127685546875,0.7719302177429199
178.9287567138672,120.73616790771484,12.927139282226562,317.5174560546875,0.7715688347816467
572.2470703125,184.02513122558594,8.0057373046875,413.01507568359375,0.7696425914764404
546.8645629882812,170.56903076171875,15.3905029296875,36.85810852050781,0.7670984864234924
