512.597412109375,114.78319549560547,6.7322998046875,412.83184814453125,0.8359748721122742
570.3238525390625,186.99465942382812,7.37420654296875,403.9670104980469,0.8281371593475342
105.72378540039062,122.3884506225586,16.257125854492188,296.9258728027344,0.8242803812026978
592.595458984375,93.74944305419922,6.7708740234375,416.86480712890625,0.8181775212287903
631.5146484375,65.19679260253906,5.8560791015625,428.8326416015625,0.817531168460846
80.77215576171875,136.62078857421875,14.531532287597656,319.44744873046875,0.8088007569313049
25.08383560180664,179.3999481201172,26.986637115478516,58.0274658203125,0.7835127711296082
132.43844604492188,177.46981811523438,26.62677001953125,69.29988098144531,0.7727382183074951
483.1776123046875,96.12376403808594,8.950042724609375,383.18280029296875,0.7686813473701477
97.05648803710938,178.1902313232422,26.081520080566406,67.64567565917969,0.7629616260528564
