482.8778381347656,115.00605773925781,7.68096923828125,405.7779541015625,0.8348531126976013
601.1024169921875,94.16028594970703,6.18768310546875,423.282470703125,0.8098461031913757
462.96112060546875,174.56251525878906,14.95050048828125,29.561691284179688,0.8078552484512329
171.5015869140625,114.42090606689453,13.6754150390625,325.37725830078125,0.8014864921569824
69.54098510742188,179.33901977539062,28.923568725585938,69.36859130859375,0.7972453236579895
154.35159301757812,134.54690551757812,10.697357177734375,343.60931396484375,0.7972009778022766
637.6712036132812,51.00192642211914,4.284423828125,436.148681640625,0.786088764667511
36.34638977050781,181.3914337158203,24.711685180664062,56.54833984375,0.7846667170524597
25.407316207885742,177.44175720214844,25.19810676574707,66.63551330566406,0.7769089937210083
540.875,85.65786743164062,7.36895751953125,412.32806396484375,0.7745891213417053
