502.77130126953125,112.58828735351562,7.23138427734375,411.5303649902344,0.8059970140457153
241.7630615234375,133.26702880859375,8.96331787109375,362.6133117675781,0.7957746982574463
610.6867065429688,179.92208862304688,5.75531005859375,429.3216247558594,0.7951565980911255
607.95458984375,89.49308776855469,5.30303955078125,426.26226806640625,0.7933874726295471
198.02352905273438,105.53118896484375,12.2008056640625,335.86260986328125,0.7900017499923706
553.89892578125,77.94619750976562,6.5498046875,417.8457336425781,0.7625333666801453
114.3160400390625,144.73387145996094,30.8583984375,113.96897888183594,0.7604401111602783
573.76953125,49.05122375488281,6.7564697265625,414.804443359375,0.7428371906280518
633.2527465820312,103.92218017578125,10.36529541015625,290.9223937988281,0.7311379909515381
378.1089782714844,81.72914123535156,22.500457763671875,232.98573303222656,0.7285769581794739
