629.730712890625,149.44851684570312,10.1348876953125,80.79754638671875,0.8413275480270386
568.1522216796875,158.85389709472656,24.54913330078125,63.55290222167969,0.8300336599349976
550.6765747070312,114.49130249023438,6.19049072265625,425.0910949707031,0.8297564387321472
596.3646240234375,158.663818359375,22.8995361328125,68.21626281738281,0.8212076425552368
494.86962890625,156.01856994628906,22.06591796875,49.793914794921875,0.8207584619522095
528.0384521484375,155.46585083007812,23.84100341796875,58.88446044921875,0.816292941570282
205.90623474121094,154.77392578125,16.095428466796875,33.434326171875,0.8082466125488281
585.2056274414062,92.77287292480469,6.798583984375,405.19207763671875,0.8030141592025757
241.59132385253906,139.63241577148438,8.912689208984375,351.8846740722656,0.8025229573249817
540.9373779296875,-42.312156677246094,15.1025390625,332.62890625,0.8023995161056519
