43.202362060546875,157.6175537109375,22.428268432617188,48.05755615234375,0.8558784127235413
38.112770080566406,155.49147033691406,23.18130874633789,48.11566162109375,0.8258325457572937
51.64794158935547,159.2303009033203,21.604583740234375,45.42561340332031,0.8246604800224304
579.8462524414062,94.49436950683594,6.31060791015625,391.2408447265625,0.8133674263954163
506.2203674316406,113.30370330810547,6.521270751953125,403.9495849609375,0.8081342577934265
155.12149047851562,91.61377716064453,13.6910400390625,336.56121826171875,0.8065407872200012
22.621070861816406,154.0414581298828,23.58997344970703,51.369598388671875,0.8039150834083557
231.69888305664062,137.5460968017578,8.498184204101562,346.88067626953125,0.8001342415809631
598.7862548828125,177.88180541992188,6.2890625,416.9762268066406,0.7981207966804504
30.78223991394043,154.00938415527344,23.84981346130371,49.683807373046875,0.7928677797317505
