41.11601257324219,165.49359130859375,16.436912536621094,43.43180847167969,0.9465925693511963
114.65635681152344,161.98043823242188,12.5439453125,31.645462036132812,0.9389526844024658
422.05926513671875,156.96885681152344,18.773406982421875,38.07475280761719,0.8916525840759277
481.49639892578125,154.28709411621094,20.503082275390625,44.652130126953125,0.8811779618263245
578.4710083007812,94.2274169921875,8.75653076171875,403.1014404296875,0.8802024126052856
496.0401611328125,152.89779663085938,21.030517578125,45.67005920410156,0.8753457069396973
582.1993408203125,-64.07776641845703,9.7523193359375,360.05084228515625,0.8678804039955139
561.9658203125,55.755558013916016,7.938232421875,389.529541015625,0.8579277396202087
133.6290283203125,164.08087158203125,14.927459716796875,29.26165771484375,0.8477258086204529
238.53773498535156,133.75767517089844,10.4222412109375,354.83807373046875,0.8431508541107178
