9.429986953735352,163.82000732421875,24.909692764282227,75.64337158203125,0.8198747038841248
28.552114486694336,169.07643127441406,22.63932991027832,41.65489196777344,0.814437747001648
6.473897933959961,167.18531799316406,24.44247817993164,46.683197021484375,0.8142008781433105
513.617919921875,114.122802734375,6.89471435546875,412.92523193359375,0.8140193819999695
139.31585693359375,162.26300048828125,12.736968994140625,31.255386352539062,0.8070697784423828
594.5906982421875,85.34437561035156,6.38043212890625,416.49554443359375,0.8050855994224548
58.274932861328125,168.91452026367188,23.619102478027344,39.92987060546875,0.8006675243377686
51.24058532714844,167.1426544189453,22.670059204101562,41.456756591796875,0.7939516305923462
107.67578125,111.57937622070312,17.797607421875,303.7972106933594,0.7927020192146301
123.9402847290039,136.317138671875,10.909065246582031,328.0542297363281,0.7919338941574097
