302.7391357421875,157.13304138183594,16.625152587890625,26.007354736328125,0.8165821433067322
585.5223388671875,120.58024597167969,4.90557861328125,427.86273193359375,0.8145344257354736
532.2924194335938,154.61448669433594,20.79083251953125,49.95692443847656,0.8040298819541931
342.0910339355469,156.83563232421875,15.318450927734375,24.790756225585938,0.7948352098464966
581.3117065429688,158.29989624023438,23.7161865234375,61.43898010253906,0.7931709289550781
218.89625549316406,101.38368225097656,11.614456176757812,342.4725341796875,0.7918807864189148
396.16876220703125,156.36602783203125,16.7667236328125,31.0433349609375,0.7859910130500793
299.6447448730469,155.12869262695312,17.05145263671875,29.114654541015625,0.7661012411117554
275.5480651855469,150.3260955810547,7.91021728515625,349.98870849609375,0.7623125314712524
468.48065185546875,156.1559600830078,16.703094482421875,38.65650939941406,0.748897910118103
