635.4769897460938,66.89176177978516,7.98297119140625,327.3500061035156,0.8410999178886414
563.7590942382812,121.52203369140625,5.56451416015625,420.13507080078125,0.8277221322059631
180.2661895751953,114.32205963134766,12.19085693359375,320.5701904296875,0.8027697205543518
378.9013366699219,163.99420166015625,15.778045654296875,31.507537841796875,0.800125241279602
230.67787170410156,144.09088134765625,8.831741333007812,347.9242248535156,0.7957741618156433
632.9840698242188,44.03160095214844,6.18792724609375,412.489013671875,0.7893725037574768
618.437255859375,86.0074462890625,5.064208984375,433.02508544921875,0.7798941135406494
349.4816589355469,160.43048095703125,16.190948486328125,31.75872802734375,0.7672784924507141
273.3568420410156,165.01611328125,20.6939697265625,57.970062255859375,0.7654592990875244
351.9241943359375,162.88287353515625,17.44158935546875,32.358917236328125,0.7592288255691528
