410.661376953125,163.21176147460938,15.61578369140625,30.428436279296875,0.8527909517288208
634.171875,102.41183471679688,9.131591796875,235.46182250976562,0.8354531526565552
418.9315185546875,162.56423950195312,14.94903564453125,31.4423828125,0.8308400511741638
560.528076171875,128.8184356689453,5.83599853515625,412.1126708984375,0.7978830933570862
320.8492431640625,164.66868591308594,14.33477783203125,25.062698364257812,0.7879076600074768
167.84869384765625,125.67768859863281,13.566375732421875,305.467529296875,0.786974310874939
273.8953857421875,147.81504821777344,8.169586181640625,352.609375,0.7846746444702148
582.13427734375,83.72164154052734,5.8468017578125,429.6017761230469,0.766484797000885
629.5014038085938,-37.544532775878906,20.18951416015625,343.47772216796875,0.7520216703414917
368.13348388671875,163.51458740234375,16.312469482421875,29.518081665039062,0.7486709952354431
