593.1315307617188,88.3720474243164,6.20123291015625,416.87225341796875,0.8081231713294983
583.3565673828125,164.91867065429688,6.79620361328125,426.5513000488281,0.8047162890434265
177.5192413330078,100.905517578125,12.9609375,338.313232421875,0.7922912836074829
196.5457305908203,126.40963745117188,10.2088623046875,359.7489929199219,0.7903904318809509
631.7294921875,68.32111358642578,5.32110595703125,429.08770751953125,0.7900506258010864
450.0764465332031,108.62883758544922,8.2806396484375,402.68701171875,0.7883101105690002
143.79415893554688,171.6959686279297,27.318359375,61.12269592285156,0.7763175368309021
191.01119995117188,136.1024627685547,28.044586181640625,154.5854034423828,0.7713059186935425
637.0911865234375,82.6409912109375,3.4039306640625,456.1356201171875,0.7673450708389282
532.867431640625,79.3839340209961,7.095458984375,408.79315185546875,0.7666160464286804
