566.9901123046875,98.11872863769531,8.4005126953125,409.2392578125,0.8315795063972473
139.52464294433594,150.3726806640625,31.800048828125,173.56155395507812,0.829580545425415
362.056396484375,124.34403228759766,10.84259033203125,383.3833923339844,0.826249361038208
538.1616821289062,178.6354217529297,10.03863525390625,405.72344970703125,0.8185732960700989
410.802001953125,197.1637725830078,18.135223388671875,35.61970520019531,0.8140435218811035
32.349998474121094,146.06129455566406,31.16905975341797,177.14039611816406,0.8065071702003479
633.3436889648438,140.6338653564453,11.15386962890625,241.71495056152344,0.803144633769989
482.7058410644531,200.37503051757812,13.455963134765625,27.712417602539062,0.7984628081321716
634.404296875,84.20146179199219,6.62353515625,427.17059326171875,0.7927178144454956
437.9365539550781,101.00508117675781,10.741058349609375,375.535400390625,0.7915761470794678
