209.60293579101562,177.01730346679688,15.92437744140625,28.087570190429688,0.8759545087814331
243.9344940185547,175.7718963623047,15.593276977539062,28.847946166992188,0.8224667310714722
237.08834838867188,176.2136993408203,14.457855224609375,29.127349853515625,0.8140200972557068
100.39823913574219,136.84974670410156,32.34184265136719,139.03199768066406,0.8099909424781799
599.5000610351562,90.09617614746094,6.021484375,421.22174072265625,0.8089349269866943
366.0400390625,116.9881591796875,10.155487060546875,386.1799011230469,0.8056676387786865
633.52978515625,140.406494140625,10.38287353515625,200.29470825195312,0.7929694652557373
529.2841796875,179.5211639404297,24.1328125,38.59271240234375,0.7926892638206482
576.9397583007812,181.17037963867188,26.8341064453125,41.892669677734375,0.7876060605049133
107.39772033691406,114.26592254638672,16.92962646484375,308.2535400390625,0.7823337316513062
