546.8405151367188,158.2533721923828,22.25946044921875,45.01084899902344,0.809242844581604
560.3199462890625,156.30490112304688,22.505615234375,49.125762939453125,0.8039745092391968
106.17003631591797,169.03196716308594,20.813499450683594,47.60343933105469,0.7993625402450562
527.8729248046875,118.60688018798828,6.4442138671875,408.155517578125,0.7981665730476379
627.9010620117188,63.5257682800293,6.325927734375,409.61248779296875,0.7916088700294495
115.05290985107422,168.4054718017578,19.895530700683594,46.36296081542969,0.7888164520263672
596.3014526367188,99.40843200683594,6.29095458984375,407.73468017578125,0.7833814024925232
221.69171142578125,137.51263427734375,9.228012084960938,350.4407958984375,0.7829849123954773
177.7818603515625,117.5256576538086,12.743316650390625,308.8498229980469,0.782143235206604
629.7077026367188,49.214500427246094,7.6744384765625,394.1128845214844,0.7807536721229553
