530.3365478515625,153.97625732421875,19.315673828125,40.627044677734375,0.8498973250389099
540.59423828125,115.14453125,5.8997802734375,412.86138916015625,0.808543860912323
192.7432861328125,106.7885971069336,12.944717407226562,331.8895263671875,0.7965497374534607
607.1488647460938,91.21736145019531,5.36309814453125,421.10028076171875,0.7923293113708496
491.7553405761719,149.86245727539062,21.234649658203125,40.71919250488281,0.7914266586303711
605.2714233398438,194.04867553710938,6.8658447265625,413.5301818847656,0.7847195267677307
504.60687255859375,152.4008331298828,19.8414306640625,40.39729309082031,0.7818506956100464
234.42640686035156,139.780517578125,8.747512817382812,348.3343811035156,0.7772412896156311
635.325439453125,28.60173225402832,4.9166259765625,433.1490173339844,0.769782543182373
635.5504760742188,57.19917297363281,3.61407470703125,454.7574462890625,0.7572013139724731
