542.39990234375,117.54705810546875,5.7119140625,407.71240234375,0.8157527446746826
596.952880859375,97.0991439819336,5.3848876953125,396.7228088378906,0.7975790500640869
215.35154724121094,94.00896453857422,11.580230712890625,346.4353942871094,0.7965432405471802
171.02621459960938,145.64932250976562,10.509872436523438,322.8960876464844,0.7956089973449707
610.4652099609375,187.17105102539062,5.59881591796875,415.3395080566406,0.7813418507575989
635.9464111328125,26.280113220214844,4.12713623046875,430.8620300292969,0.7765558362007141
332.81146240234375,145.8494873046875,18.99261474609375,69.90960693359375,0.7538395524024963
524.3826293945312,76.09654235839844,6.97296142578125,397.27984619140625,0.7535123825073242
629.421142578125,126.53683471679688,10.17279052734375,66.69705200195312,0.7439594268798828
418.13909912109375,88.35867309570312,9.356781005859375,284.24053955078125,0.7270529866218567
