444.0080261230469,185.08737182617188,17.776092529296875,37.9815673828125,0.9590134024620056
470.8575744628906,189.1619110107422,18.188873291015625,42.36766052246094,0.904676079750061
474.2994689941406,183.99188232421875,18.584136962890625,42.171478271484375,0.8597926497459412
408.5618896484375,190.39605712890625,15.56207275390625,32.813507080078125,0.8564975261688232
626.3179321289062,171.44119262695312,12.33648681640625,82.95671081542969,0.8099550604820251
508.2357177734375,118.48092651367188,7.62371826171875,415.2814025878906,0.8053458333015442
586.6895751953125,101.15787506103516,7.1744384765625,409.20880126953125,0.8015040755271912
629.1666870117188,88.55348205566406,5.66217041015625,428.86212158203125,0.7982228994369507
180.63072204589844,134.09722900390625,10.8428955078125,351.984375,0.7831397652626038
625.7257690429688,89.75914764404297,7.4639892578125,401.46990966796875,0.7756285071372986
