218.2655029296875,170.66358947753906,16.98095703125,32.084716796875,0.9105422496795654
228.01968383789062,172.35655212402344,16.014511108398438,29.0596923828125,0.8581088781356812
206.9491729736328,170.29000854492188,18.510818481445312,35.13816833496094,0.8348880410194397
230.9493408203125,170.53968811035156,15.681076049804688,30.528518676757812,0.8341984748840332
451.0528564453125,116.31735229492188,8.330078125,401.0929260253906,0.8256441950798035
605.933349609375,89.41839599609375,5.6905517578125,427.1158447265625,0.8158912062644958
193.40982055664062,137.3026123046875,24.413345336914062,148.07791137695312,0.8151221871376038
584.1996459960938,183.94589233398438,7.61083984375,409.0826110839844,0.7980945110321045
48.32719802856445,152.04241943359375,27.747051239013672,108.7313232421875,0.7978746891021729
110.25715637207031,111.69193267822266,16.612876892089844,314.0557556152344,0.7959895133972168
