435.283203125,183.29754638671875,29.1610107421875,34.366912841796875,0.929733395576477
574.6929321289062,195.56329345703125,20.38348388671875,40.76728820800781,0.8835420608520508
624.2427978515625,77.85315704345703,8.37396240234375,411.3042907714844,0.8738469481468201
607.3833618164062,190.28509521484375,17.65093994140625,47.886993408203125,0.8581367135047913
518.1941528320312,123.56359100341797,8.192138671875,417.37139892578125,0.8307579159736633
636.114013671875,88.01683807373047,4.1640625,449.02203369140625,0.8295946717262268
610.8624877929688,107.59613800048828,11.57305908203125,374.34039306640625,0.8269079327583313
631.9379272460938,-60.35053253173828,15.620361328125,409.08795166015625,0.8257895708084106
573.443115234375,170.60220336914062,28.34979248046875,148.33990478515625,0.8061208724975586
605.303955078125,-22.068614959716797,24.8868408203125,349.003173828125,0.8034905791282654
