118.25375366210938,205.56414794921875,21.304306030273438,44.50335693359375,0.9658324122428894
541.5420532226562,192.9738006591797,22.38226318359375,47.60197448730469,0.9299479126930237
555.1094970703125,195.79873657226562,24.4609375,52.482696533203125,0.8586419224739075
470.4918212890625,121.94886779785156,8.650604248046875,407.1878662109375,0.8314905762672424
567.6085205078125,105.92507934570312,9.3460693359375,411.0788269042969,0.8235196471214294
632.9141845703125,96.41907501220703,6.19189453125,435.9139404296875,0.8158543705940247
509.03619384765625,187.43675231933594,10.2081298828125,393.6845703125,0.7950547933578491
148.13441467285156,139.72714233398438,11.70953369140625,346.06402587890625,0.7938651442527771
582.7227172851562,177.69046020507812,19.95086669921875,130.61618041992188,0.7871370315551758
510.89794921875,194.86392211914062,20.9066162109375,43.477264404296875,0.7850292921066284
