369.5130920410156,192.17909240722656,16.659698486328125,30.555892944335938,0.9530084133148193
365.5455017089844,194.88656616210938,13.848114013671875,28.385772705078125,0.8674308657646179
367.22601318359375,195.60899353027344,16.0595703125,28.7257080078125,0.8512976765632629
410.313720703125,192.87059020996094,17.0560302734375,30.527313232421875,0.8441587686538696
371.77593994140625,199.11520385742188,14.991912841796875,26.907638549804688,0.8412312865257263
480.49371337890625,118.28317260742188,8.42926025390625,411.9188537597656,0.8145272731781006
188.95782470703125,134.47994995117188,10.428741455078125,358.3124694824219,0.7948576211929321
614.7657470703125,90.26016998291016,5.6932373046875,443.8952331542969,0.7929448485374451
404.41546630859375,196.04469299316406,15.68170166015625,28.028030395507812,0.7856816053390503
632.1077880859375,156.421142578125,11.3638916015625,165.92608642578125,0.779756486415863
