498.6326599121094,177.23077392578125,19.223907470703125,43.7091064453125,0.8923038244247437
474.6406555175781,180.42921447753906,18.3026123046875,38.73524475097656,0.8769965767860413
494.85089111328125,119.93009185791016,7.70263671875,408.5064392089844,0.816179096698761
420.9721374511719,184.8044891357422,17.3553466796875,36.17414855957031,0.8158823847770691
469.65899658203125,184.4416961669922,16.975494384765625,37.35975646972656,0.799667477607727
395.97271728515625,191.88233947753906,15.191650390625,30.821548461914062,0.7969294786453247
180.9496307373047,137.1710662841797,10.42327880859375,350.88360595703125,0.7932021021842957
172.75636291503906,128.84854125976562,13.5211181640625,315.1690368652344,0.7890564203262329
528.9649047851562,176.95455932617188,22.80157470703125,49.918243408203125,0.7772086262702942
632.830322265625,78.37633514404297,5.42919921875,432.3639831542969,0.7709782719612122
