172.2012939453125,143.66650390625,10.235244750976562,339.87738037109375,0.8091682195663452
360.623779296875,193.8589630126953,15.652099609375,29.020843505859375,0.7990815043449402
429.1268615722656,124.64774322509766,9.486541748046875,390.8350524902344,0.7765450477600098
364.70172119140625,199.2378692626953,14.282379150390625,26.7166748046875,0.7754172682762146
332.21588134765625,198.87953186035156,13.7772216796875,25.074981689453125,0.7676450610160828
629.6846923828125,79.81391143798828,6.34423828125,409.2273254394531,0.7653465270996094
521.7713623046875,123.2552261352539,10.84454345703125,360.9561462402344,0.7617723941802979
531.3951416015625,59.61027145385742,53.8448486328125,220.3782196044922,0.7274325489997864
456.1868896484375,110.58368682861328,10.763031005859375,364.8004150390625,0.7197515964508057
631.770751953125,88.86360168457031,6.259765625,419.72393798828125,0.7081391215324402
