593.041015625,98.56073760986328,7.00347900390625,422.75201416015625,0.8216320872306824
551.8218383789062,182.5775146484375,9.5103759765625,413.106689453125,0.8120958805084229
390.18658447265625,125.10465240478516,10.32623291015625,388.1392517089844,0.8050723671913147
627.5226440429688,91.32882690429688,7.74664306640625,413.7710876464844,0.8014293909072876
630.1951904296875,166.7881622314453,12.6795654296875,125.16578674316406,0.7997785210609436
92.88941955566406,140.88380432128906,12.59228515625,332.32208251953125,0.7868914008140564
509.20361328125,94.3815689086914,8.79583740234375,403.36834716796875,0.7778903245925903
122.41336059570312,184.126220703125,24.729324340820312,100.7471923828125,0.7710086703300476
551.1217041015625,189.2252960205078,30.9921875,89.07572937011719,0.7700564861297607
636.3373413085938,79.0367202758789,5.16558837890625,443.5926818847656,0.7600137591362
