574.655517578125,100.03001403808594,7.7816162109375,407.2647705078125,0.8261781334877014
408.9421081542969,121.15287780761719,8.510284423828125,384.6259765625,0.8149745464324951
517.2156372070312,192.43360900878906,11.29351806640625,400.19036865234375,0.8079662919044495
375.5150146484375,194.4030303955078,16.7181396484375,35.36213684082031,0.8044096827507019
242.89151000976562,131.6901397705078,9.37261962890625,365.22503662109375,0.804309606552124
627.8089599609375,82.04740142822266,7.8785400390625,423.5884704589844,0.7970297932624817
371.9548034667969,201.70953369140625,15.356353759765625,32.26898193359375,0.7957735657691956
308.8016052246094,201.0221710205078,15.06878662109375,28.370010375976562,0.7904874086380005
278.8712158203125,203.0767822265625,14.4212646484375,30.958236694335938,0.7801733613014221
347.9971618652344,201.5583038330078,15.2889404296875,33.00050354003906,0.7700400948524475
