321.9637451171875,188.35658264160156,16.32232666015625,30.676284790039062,0.9318190813064575
411.0307312011719,184.36744689941406,17.551361083984375,34.960784912109375,0.8781774044036865
405.7276916503906,187.37351989746094,16.313690185546875,33.43019104003906,0.8326746821403503
633.858154296875,123.58889770507812,10.19647216796875,235.39739990234375,0.8223295211791992
509.83258056640625,205.59446716308594,12.25872802734375,378.37255859375,0.8029639720916748
605.0725708007812,103.33946228027344,19.169921875,262.0679931640625,0.8014714121818542
599.3056640625,95.15827941894531,7.25714111328125,429.783935546875,0.7995678186416626
222.6988525390625,136.45242309570312,9.504180908203125,358.5358581542969,0.7952264547348022
486.7295837402344,120.4018325805664,8.494873046875,408.8486022949219,0.7884789109230042
475.5694885253906,184.7258758544922,18.39166259765625,38.09959411621094,0.7694759964942932
