569.6643676757812,188.36183166503906,22.33349609375,45.56793212890625,0.871064305305481
630.767578125,74.64142608642578,5.8828125,421.2497253417969,0.8387730717658997
550.7713012695312,189.19189453125,9.5975341796875,407.97894287109375,0.8252628445625305
579.9647827148438,106.35174560546875,7.78887939453125,405.8499755859375,0.8232150077819824
557.420166015625,116.56458282470703,6.3082275390625,428.69732666015625,0.8163104057312012
636.41943359375,48.09959030151367,6.4427490234375,419.2251892089844,0.8159500360488892
631.0819091796875,-43.24938201904297,17.233154296875,377.4697265625,0.8030193448066711
229.09548950195312,140.3179168701172,9.945159912109375,359.27777099609375,0.8023271560668945
632.9068603515625,75.5460433959961,5.4332275390625,439.9385070800781,0.7959134578704834
338.892822265625,192.58450317382812,13.97369384765625,27.741867065429688,0.7829020619392395
