539.3912353515625,198.77792358398438,9.828857421875,390.7475280761719,0.825603187084198
606.2283935546875,91.07853698730469,6.290283203125,433.5118408203125,0.8145313858985901
630.5574951171875,-47.05182647705078,18.30572509765625,366.2656555175781,0.7991469502449036
467.34326171875,119.0181655883789,7.96331787109375,397.6012268066406,0.7969056963920593
195.37515258789062,131.89376831054688,10.2235107421875,357.907470703125,0.7913013696670532
636.1177978515625,91.41854095458984,4.18768310546875,448.6877746582031,0.7844213843345642
566.2910766601562,185.63290405273438,22.638427734375,44.74192810058594,0.7773305773735046
182.9801788330078,119.84092712402344,12.533523559570312,320.78985595703125,0.7745360732078552
629.5242919921875,83.51422119140625,7.06427001953125,415.4623718261719,0.7611627578735352
617.1387939453125,93.77288818359375,16.16815185546875,293.8168029785156,0.7467389106750488
