320.780029296875,184.60890197753906,13.650970458984375,29.550308227539062,0.8239826560020447
482.60552978515625,116.35762023925781,7.76531982421875,406.57562255859375,0.8082717061042786
315.5572204589844,187.2984161376953,13.16162109375,30.157928466796875,0.8025455474853516
212.72372436523438,136.6542510986328,9.66839599609375,358.10333251953125,0.7920488715171814
633.09326171875,74.51152038574219,5.4930419921875,431.26629638671875,0.7851565480232239
629.6071166992188,59.370174407958984,11.74090576171875,372.52508544921875,0.7753816843032837
636.819580078125,89.32747650146484,3.80792236328125,456.1309509277344,0.7667325735092163
625.9618530273438,-41.566184997558594,27.5009765625,365.5014953613281,0.7660664319992065
634.9279174804688,81.86841583251953,6.2232666015625,423.5921630859375,0.761160671710968
133.54190063476562,120.14553833007812,14.035781860351562,315.87615966796875,0.7602037191390991
