97.79933166503906,201.97434997558594,14.905181884765625,33.82896423339844,0.9475408792495728
426.6441345214844,144.7172088623047,13.4625244140625,309.13555908203125,0.8463054895401001
189.8329315185547,130.01742553710938,10.03875732421875,362.65838623046875,0.8272013068199158
629.6085205078125,73.10891723632812,6.95343017578125,426.69610595703125,0.8228341341018677
487.43157958984375,122.48423767089844,8.885498046875,409.658447265625,0.8147788643836975
637.0745849609375,56.559791564941406,5.24951171875,435.04296875,0.8059474229812622
32.051185607910156,205.10284423828125,17.623817443847656,37.517059326171875,0.7892704010009766
611.5802612304688,103.06436157226562,11.45489501953125,385.4049377441406,0.7828375101089478
385.81890869140625,262.1712646484375,28.8232421875,282.42059326171875,0.7764147520065308
615.606201171875,90.78247833251953,19.5673828125,361.4019775390625,0.7761868238449097
