220.06961059570312,179.75621032714844,15.735748291015625,35.66200256347656,0.9932925701141357
613.6182861328125,81.72135925292969,6.89923095703125,437.17547607421875,0.8245062232017517
306.1417236328125,156.5067138671875,22.531219482421875,55.6988525390625,0.8008266687393188
469.400634765625,124.34463500976562,9.281982421875,404.5843200683594,0.7806298732757568
190.1888427734375,137.37791442871094,10.26593017578125,346.87744140625,0.7788133025169373
613.8573608398438,112.87376403808594,11.764892578125,277.74530029296875,0.777508556842804
637.3639526367188,46.96150207519531,4.76495361328125,441.90655517578125,0.775868833065033
571.9635009765625,217.88619995117188,10.40948486328125,383.9905700683594,0.7735090851783752
524.320556640625,85.47471618652344,7.44696044921875,400.87469482421875,0.7598695755004883
633.6641235351562,64.51753997802734,4.8787841796875,433.6316223144531,0.7563055753707886
