423.6851501464844,170.57493591308594,30.802459716796875,83.75506591796875,0.9949219822883606
21.78784942626953,187.1317596435547,16.955928802490234,31.987060546875,0.889470636844635
118.7685775756836,149.98902893066406,12.356300354003906,309.99920654296875,0.8166431784629822
227.08139038085938,125.36853790283203,19.420974731445312,285.3367919921875,0.8019698858261108
493.6683654785156,121.6995620727539,12.223907470703125,350.00238037109375,0.8016651272773743
459.03680419921875,121.59546661376953,8.9310302734375,402.8382568359375,0.7961286902427673
625.696044921875,90.6051025390625,14.4310302734375,319.80755615234375,0.7953974008560181
637.1300048828125,49.85182189941406,5.2371826171875,438.4873046875,0.7791696786880493
624.9076538085938,76.3480453491211,7.95343017578125,406.8583984375,0.7725585103034973
36.95488739013672,159.8860321044922,20.138427734375,198.4842071533203,0.7673494219779968
