472.42156982421875,180.44927978515625,20.907135009765625,46.12738037109375,0.8388406038284302
447.3369140625,117.27619171142578,8.78717041015625,399.45587158203125,0.8357208371162415
398.91278076171875,124.29991912841797,15.485076904296875,312.2382507324219,0.820793628692627
99.0639877319336,136.717529296875,12.338081359863281,325.8201599121094,0.8207738399505615
630.4371337890625,70.04109191894531,5.7999267578125,414.18115234375,0.8108139634132385
467.7734375,181.60586547851562,19.86322021484375,46.25819396972656,0.807096540927887
444.11602783203125,98.76763153076172,10.387176513671875,365.0851135253906,0.794641375541687
64.11721801757812,186.09034729003906,18.251235961914062,40.40533447265625,0.7844603061676025
41.7957649230957,140.42581176757812,19.76064682006836,230.07327270507812,0.7668137550354004
625.06103515625,89.07435607910156,7.4361572265625,395.287109375,0.7659400701522827
