515.3160400390625,185.35435485839844,19.68731689453125,49.07098388671875,0.8645102977752686
506.5448303222656,184.77256774902344,22.907623291015625,52.26617431640625,0.8575935363769531
531.122802734375,185.282470703125,21.30059814453125,51.41294860839844,0.8573122024536133
474.0483093261719,118.22825622558594,7.821197509765625,401.29962158203125,0.8425324559211731
631.4295043945312,-47.88548278808594,16.5411376953125,389.5635986328125,0.8384615182876587
576.0895385742188,99.19053649902344,7.71405029296875,406.4749755859375,0.8209061026573181
464.5616455078125,187.1639404296875,17.44476318359375,38.11146545410156,0.8093833923339844
628.0245361328125,89.9465103149414,9.25872802734375,382.7403869628906,0.794345498085022
519.0581665039062,89.71634674072266,7.8984375,401.6898193359375,0.794270932674408
119.91942596435547,132.4709930419922,11.542793273925781,343.73382568359375,0.7881003022193909
