538.6776123046875,184.42918395996094,22.45166015625,59.169525146484375,0.9000076055526733
441.0531311035156,185.26576232910156,15.580810546875,30.549102783203125,0.8787786364555359
468.4202575683594,119.77975463867188,7.523956298828125,395.1792297363281,0.8356660604476929
631.6619262695312,-60.53326416015625,16.2274169921875,404.93109130859375,0.8273900151252747
590.8173828125,96.61581420898438,6.65869140625,411.98846435546875,0.8195797204971313
637.5330810546875,102.81552124023438,4.2947998046875,441.7490539550781,0.8134123682975769
17.71257209777832,192.72341918945312,25.23838233947754,45.507354736328125,0.8112148642539978
628.8759155273438,76.23699188232422,6.50714111328125,423.2559509277344,0.8054744601249695
514.8045654296875,184.687744140625,20.46160888671875,54.17378234863281,0.798086404800415
631.0162353515625,81.95125579833984,5.406494140625,439.4660949707031,0.7909401655197144
