0.08722037076950073,197.11480712890625,9.10004711151123,71.79031372070312,0.8322111964225769
272.1329040527344,130.92848205566406,12.670654296875,355.3919677734375,0.8138323426246643
497.5174560546875,119.07147216796875,11.6441650390625,361.8520202636719,0.7991156578063965
6.5169358253479,196.7971954345703,26.79123878479004,58.256103515625,0.797524631023407
24.479598999023438,202.51995849609375,25.10409927368164,51.41319274902344,0.7918844223022461
585.0155639648438,175.8112335205078,8.8460693359375,427.75714111328125,0.7818048596382141
67.84626007080078,193.5165557861328,29.16858673095703,65.23048400878906,0.7730307579040527
49.843116760253906,150.73904418945312,20.031585693359375,241.63485717773438,0.7724159359931946
58.37507629394531,145.10324096679688,15.424545288085938,308.4087829589844,0.7668298482894897
409.2519836425781,110.58995056152344,12.664093017578125,362.88604736328125,0.756698727607727
