60.677337646484375,180.70997619628906,18.75518798828125,45.794677734375,0.8503515124320984
51.41455078125,182.52146911621094,19.309242248535156,43.928619384765625,0.8418681025505066
213.72149658203125,137.8584747314453,10.201766967773438,355.05169677734375,0.8365629315376282
426.5036315917969,123.45823669433594,9.72711181640625,391.92596435546875,0.8280714154243469
521.9248046875,113.31094360351562,10.66339111328125,370.290283203125,0.8222187757492065
58.791622161865234,139.23802185058594,21.910823822021484,259.12994384765625,0.8095318078994751
609.345947265625,99.79232025146484,8.765869140625,384.3356628417969,0.8017423748970032
340.8612365722656,107.51499938964844,13.515411376953125,347.70294189453125,0.7988085150718689
64.0921630859375,182.38539123535156,19.87030029296875,44.7359619140625,0.7922652363777161
42.27745819091797,180.1787567138672,19.018604278564453,44.20263671875,0.7911781668663025
