607.3143310546875,145.37966918945312,41.19342041015625,323.4160461425781,0.8788173794746399
627.1068115234375,78.7540054321289,6.3260498046875,401.2686462402344,0.8401528596878052
516.1844482421875,110.92499542236328,10.97705078125,376.6517333984375,0.8349506258964539
545.5252685546875,181.97523498535156,8.1219482421875,402.62921142578125,0.8187463879585266
383.9105224609375,123.6063461303711,9.950103759765625,383.6651306152344,0.8180997967720032
92.24813842773438,137.71302795410156,17.159271240234375,272.9630126953125,0.8010957837104797
626.706298828125,-26.158432006835938,25.72479248046875,347.46417236328125,0.7961944937705994
96.0221939086914,132.6988067626953,13.085975646972656,329.0986328125,0.7934758067131042
629.0272216796875,82.500732421875,6.7474365234375,421.5598449707031,0.7910279631614685
31.106576919555664,182.01438903808594,32.4884033203125,60.94404602050781,0.7790477275848389
