99.7261962890625,162.38682556152344,24.484710693359375,53.42362976074219,0.8940834999084473
521.6832885742188,108.40327453613281,9.51715087890625,367.6793212890625,0.8355621695518494
599.461669921875,163.61627197265625,6.2301025390625,433.2078857421875,0.8273758292198181
134.48837280273438,161.9136962890625,23.987747192382812,55.39776611328125,0.8269240856170654
411.1053161621094,120.23267364501953,9.029693603515625,384.2005310058594,0.8210236430168152
137.5300750732422,131.90843200683594,11.848098754882812,340.608154296875,0.798048198223114
107.214111328125,127.8890380859375,15.518035888671875,282.69921875,0.7978704571723938
635.2694091796875,83.03106689453125,8.66217041015625,341.95953369140625,0.7900886535644531
634.7992553710938,80.02022552490234,5.692626953125,416.9579772949219,0.7817882895469666
605.7874145507812,86.86434936523438,9.7576904296875,347.31787109375,0.7799727916717529
