270.81011962890625,173.68109130859375,16.966766357421875,41.9334716796875,0.9482805132865906
234.4027099609375,177.5758056640625,15.933502197265625,36.769378662109375,0.9078168272972107
267.6677551269531,176.72854614257812,18.627960205078125,44.68717956542969,0.8761833906173706
242.6290283203125,179.74114990234375,15.004547119140625,35.358001708984375,0.8466039299964905
500.0274963378906,118.56378173828125,7.895751953125,414.79534912109375,0.8280466794967651
136.780517578125,140.8994598388672,10.818801879882812,334.02972412109375,0.7880290150642395
611.466552734375,97.50936889648438,5.7457275390625,428.3104553222656,0.7803311944007874
636.5062866210938,76.0697250366211,4.64959716796875,450.2311096191406,0.7802700996398926
633.48681640625,81.81914520263672,11.4822998046875,352.0641784667969,0.7715783715248108
637.438232421875,78.28685760498047,3.30523681640625,462.22637939453125,0.760034441947937
