475.04302978515625,164.52780151367188,12.823028564453125,401.3514709472656,0.8462461829185486
495.90252685546875,104.4194564819336,12.8076171875,376.1822814941406,0.829153299331665
590.571044921875,87.79974365234375,12.06170654296875,380.53387451171875,0.8164099454879761
524.4351806640625,119.65536499023438,7.595703125,419.7897033691406,0.8101063966751099
627.5134887695312,183.00543212890625,5.85003662109375,459.9359130859375,0.8002138137817383
626.8900146484375,49.99382781982422,9.080322265625,415.9986267089844,0.7900752425193787
635.1375732421875,70.1637954711914,5.8114013671875,440.6887512207031,0.7850059270858765
637.3275146484375,107.9371109008789,4.6966552734375,452.7147521972656,0.7842553853988647
86.16546630859375,185.34078979492188,13.269027709960938,268.6910095214844,0.7693158984184265
457.5375061035156,110.64059448242188,11.91009521484375,381.8109130859375,0.7493012547492981
