419.6068115234375,201.8529052734375,15.415191650390625,28.535354614257812,0.9046805500984192
387.72454833984375,203.13246154785156,15.155853271484375,28.166305541992188,0.8502196669578552
379.28179931640625,132.1513671875,11.032867431640625,381.50250244140625,0.8177733421325684
514.1024780273438,115.90811157226562,11.05487060546875,375.6853332519531,0.7989451885223389
415.55029296875,204.63482666015625,14.50042724609375,27.543411254882812,0.798280656337738
635.2503662109375,95.7466049194336,5.016845703125,447.7355651855469,0.7962961196899414
627.4829711914062,83.64894104003906,7.5169677734375,413.046630859375,0.7942801713943481
487.2978210449219,98.8216323852539,10.5206298828125,400.4382629394531,0.7920027375221252
580.4082641601562,176.05487060546875,8.86328125,428.0770263671875,0.7907517552375793
135.92587280273438,136.17083740234375,12.174468994140625,350.810302734375,0.790411114692688
