318.5204772949219,195.98670959472656,15.49163818359375,31.208404541015625,0.8687740564346313
267.9957275390625,194.4662322998047,16.891510009765625,35.24806213378906,0.8448308706283569
271.0260009765625,200.50022888183594,16.1414794921875,36.64091491699219,0.8158807158470154
306.1846618652344,200.907958984375,13.954132080078125,30.120758056640625,0.8014110922813416
409.4094543457031,126.6157455444336,9.63897705078125,388.4506530761719,0.7985453605651855
325.47003173828125,198.1350860595703,14.643646240234375,30.433975219726562,0.7874223589897156
624.1148681640625,96.8796157836914,8.03387451171875,392.1907958984375,0.7869293093681335
169.19876098632812,136.8223876953125,11.192169189453125,351.40338134765625,0.77919602394104
599.7144165039062,100.76331329345703,6.5264892578125,421.236083984375,0.7750936150550842
635.2764892578125,88.16300964355469,5.5946044921875,435.3277587890625,0.7649040818214417
