566.4619140625,95.96946716308594,9.3189697265625,411.38800048828125,0.8132321834564209
431.7161865234375,116.26451873779297,9.591461181640625,399.2767333984375,0.8076435923576355
632.673583984375,124.2069320678711,12.27020263671875,265.6691589355469,0.806431233882904
174.71786499023438,130.31280517578125,10.943984985351562,357.33544921875,0.8022369146347046
613.4268188476562,92.74674224853516,16.01129150390625,296.5282287597656,0.7940647006034851
564.065673828125,160.87535095214844,20.3372802734375,124.45967102050781,0.7915383577346802
491.40325927734375,91.91744232177734,8.87261962890625,394.5600280761719,0.7877782583236694
630.5552978515625,78.0975570678711,6.11944580078125,423.74908447265625,0.7856839895248413
161.448486328125,112.44879150390625,13.662872314453125,325.2972717285156,0.7856215238571167
531.7113037109375,184.85079956054688,11.99884033203125,402.2003479003906,0.7809420824050903
