366.2562561035156,178.15045166015625,15.281524658203125,30.602157592773438,0.9177744388580322
430.720947265625,119.60174560546875,8.545684814453125,394.15081787109375,0.8184206485748291
351.08819580078125,180.97793579101562,15.240478515625,29.008941650390625,0.8082081079483032
368.7848205566406,180.58782958984375,15.892791748046875,30.40045166015625,0.8045809268951416
31.81790542602539,181.83621215820312,24.655235290527344,57.681427001953125,0.8039171099662781
595.277099609375,97.23478698730469,6.49810791015625,417.4005126953125,0.8016605377197266
35.71754837036133,173.33338928222656,24.645244598388672,81.40022277832031,0.7941998243331909
114.01728820800781,137.02838134765625,11.568069458007812,333.94134521484375,0.7888336777687073
61.4283447265625,182.41673278808594,26.297752380371094,62.39141845703125,0.7852432131767273
167.44668579101562,117.17481231689453,13.613784790039062,320.579833984375,0.783799409866333
