224.3507537841797,191.41204833984375,14.455612182617188,25.979171752929688,0.979265570640564
198.2227783203125,190.48439025878906,14.426177978515625,27.501358032226562,0.8896107077598572
629.5386352539062,71.5897216796875,7.202392578125,428.16204833984375,0.8364386558532715
633.7315673828125,122.41947937011719,10.0726318359375,227.78541564941406,0.8263230919837952
620.8504638671875,78.46355438232422,5.51617431640625,451.37322998046875,0.8211538195610046
489.53582763671875,117.35848999023438,8.530120849609375,414.5108337402344,0.8097800016403198
198.81187438964844,132.77212524414062,10.049240112304688,357.8169250488281,0.8068718910217285
582.364013671875,191.24488830566406,7.79486083984375,419.69000244140625,0.8057580590248108
194.45791625976562,184.17626953125,15.934677124023438,35.94305419921875,0.8033885955810547
169.26815795898438,107.98387145996094,13.746185302734375,334.80902099609375,0.7958455681800842
