85.66650390625,193.0932159423828,18.14350128173828,33.70524597167969,0.8578530550003052
477.1762390136719,119.93045043945312,8.0029296875,403.4118957519531,0.8368176817893982
602.3543701171875,104.60746765136719,10.345703125,328.2215576171875,0.8167077898979187
165.90078735351562,137.55291748046875,10.453338623046875,343.0283203125,0.8162028193473816
93.0274887084961,193.04736328125,18.522872924804688,33.7020263671875,0.8157621026039124
584.0498657226562,107.47724914550781,7.5543212890625,402.36572265625,0.8087126612663269
123.60781860351562,193.3040771484375,17.226119995117188,32.51271057128906,0.8017501831054688
633.2672729492188,64.7425765991211,9.70855712890625,381.8773193359375,0.7986353039741516
636.35546875,89.59527587890625,4.185302734375,454.15478515625,0.7925794124603271
140.66542053222656,194.045654296875,15.6807861328125,30.629852294921875,0.7862663269042969
