452.02935791015625,122.95723724365234,8.657958984375,398.8078308105469,0.8392820358276367
466.21807861328125,171.37728881835938,23.376678466796875,55.65447998046875,0.8335439562797546
602.3712768554688,96.16311645507812,7.26239013671875,429.4638366699219,0.8193268775939941
625.3418579101562,76.2580337524414,7.7066650390625,409.4668884277344,0.818728506565094
130.0491180419922,140.42945861816406,11.877426147460938,335.87298583984375,0.8105052709579468
632.3203125,133.1971893310547,11.8150634765625,214.84205627441406,0.8003775477409363
636.7957153320312,55.458213806152344,5.6719970703125,427.4664306640625,0.796241819858551
489.22003173828125,167.2512969970703,30.08447265625,62.9403076171875,0.7857930064201355
631.9658813476562,62.72666931152344,11.0440673828125,383.07598876953125,0.7856084704399109
506.975341796875,205.21310424804688,10.787353515625,373.6334533691406,0.7806140780448914
