502.6607666015625,178.8319854736328,23.5150146484375,53.10762023925781,0.8396933674812317
467.63372802734375,120.57877349853516,8.57879638671875,405.4736022949219,0.8350182175636292
519.3856201171875,180.26356506347656,24.796142578125,51.56278991699219,0.8237724900245667
633.6771240234375,120.91362762451172,10.479736328125,246.14044189453125,0.819204568862915
185.69473266601562,131.91143798828125,11.1566162109375,360.59649658203125,0.7964993715286255
608.0133666992188,92.16470336914062,11.25689697265625,361.80718994140625,0.7959844470024109
607.1892700195312,94.92241668701172,6.71856689453125,432.5816650390625,0.7892634868621826
484.26507568359375,172.30532836914062,21.61199951171875,53.46270751953125,0.786794900894165
633.1256713867188,60.63780975341797,10.06744384765625,393.8456115722656,0.7800005674362183
630.2854614257812,156.79302978515625,9.9281005859375,98.39259338378906,0.7752483487129211
