338.31549072265625,186.2040557861328,16.49127197265625,26.86834716796875,0.830077588558197
160.24435424804688,139.44383239746094,11.289932250976562,345.52978515625,0.8166895508766174
349.9259948730469,126.14390563964844,11.222381591796875,377.49578857421875,0.7908028960227966
611.232177734375,104.12930297851562,10.019287109375,361.9678039550781,0.7906466126441956
626.7330322265625,188.35992431640625,15.8018798828125,100.32925415039062,0.7814458012580872
597.5140991210938,102.50698852539062,7.41705322265625,419.8128356933594,0.7730083465576172
457.39093017578125,192.16964721679688,21.30303955078125,41.47459411621094,0.7542911767959595
560.8338623046875,156.16502380371094,17.34075927734375,149.15260314941406,0.7530345916748047
104.99848175048828,127.2563705444336,16.128082275390625,300.5257873535156,0.7501485347747803
501.2663269042969,100.16192626953125,9.001068115234375,392.1577453613281,0.7496023774147034
