160.68338012695312,184.8608856201172,19.182815551757812,35.38008117675781,0.9287043809890747
634.0661010742188,79.90763854980469,10.805419921875,366.2037353515625,0.8441170454025269
420.8280944824219,123.47457122802734,9.228515625,389.0401306152344,0.8178022503852844
201.4566192626953,139.29458618164062,9.861953735351562,349.0540466308594,0.8117231726646423
571.1898803710938,103.35028839111328,8.39935302734375,397.6659851074219,0.8109371662139893
559.02734375,192.70236206054688,10.92755126953125,398.8120422363281,0.7909252643585205
627.23486328125,74.63514709472656,7.135009765625,407.99029541015625,0.7830424308776855
154.95799255371094,186.47073364257812,18.65704345703125,35.424591064453125,0.7813095450401306
636.37060546875,84.47920989990234,4.1207275390625,454.1448669433594,0.7763286828994751
607.3978881835938,109.67346954345703,10.49530029296875,347.9753112792969,0.7714695334434509
