515.7308959960938,119.22885131835938,7.57098388671875,418.8740539550781,0.8133240342140198
134.96923828125,148.92185974121094,11.880096435546875,336.0587158203125,0.7891525626182556
587.1888427734375,183.65419006347656,7.7564697265625,423.59014892578125,0.7848842144012451
592.927490234375,104.51439666748047,7.27813720703125,417.4969482421875,0.7783321738243103
154.70681762695312,132.34555053710938,14.290084838867188,316.31292724609375,0.76225346326828
633.3086547851562,79.33799743652344,5.3572998046875,434.609375,0.7615821361541748
566.5466918945312,93.0469741821289,7.21533203125,424.6051330566406,0.7561901807785034
635.5789794921875,83.02957153320312,5.8529052734375,436.6095886230469,0.7474926710128784
637.5315551757812,80.67206573486328,3.29473876953125,462.2327880859375,0.7433805465698242
638.022216796875,117.78645324707031,3.6707763671875,456.0838623046875,0.7356075644493103
