536.3822021484375,107.25883483886719,9.79534912109375,384.278076171875,0.8201422691345215
210.83985900878906,125.97786712646484,14.9835205078125,353.2347106933594,0.8028978109359741
86.82303619384766,138.61431884765625,13.451080322265625,324.2539978027344,0.7986930012702942
566.2998046875,173.77525329589844,8.85321044921875,415.64764404296875,0.7966422438621521
612.3009033203125,210.75909423828125,20.1348876953125,48.028900146484375,0.7844215035438538
38.101097106933594,193.7196502685547,29.21363067626953,55.92765808105469,0.7777138948440552
27.80087661743164,190.34353637695312,31.262165069580078,60.11988830566406,0.7665244936943054
83.84991455078125,127.97118377685547,17.316574096679688,282.50390625,0.7650638222694397
522.634765625,192.87745666503906,29.021484375,65.75215148925781,0.7580541968345642
628.624755859375,83.23271179199219,7.0968017578125,417.2513427734375,0.7558032870292664
