471.66461181640625,117.50897979736328,7.678680419921875,405.44677734375,0.8330663442611694
585.29931640625,89.80785369873047,7.10858154296875,414.4575500488281,0.8246915936470032
592.0999755859375,177.543212890625,7.29913330078125,421.5118408203125,0.8167978525161743
108.1886978149414,121.8611068725586,15.500045776367188,297.12567138671875,0.8165851831436157
633.01416015625,68.23502349853516,5.1845703125,434.9766845703125,0.8114344477653503
626.191162109375,172.09068298339844,12.77386474609375,76.46296691894531,0.8069422245025635
253.03280639648438,180.35482788085938,16.396514892578125,28.810928344726562,0.8004227876663208
99.7703857421875,133.3849334716797,12.330131530761719,327.1466064453125,0.7977668642997742
208.154541015625,178.23260498046875,18.401763916015625,32.6422119140625,0.7918659448623657
294.2174072265625,181.87741088867188,15.220123291015625,25.678207397460938,0.7900552153587341
