289.430908203125,178.7978057861328,13.92974853515625,27.365493774414062,0.9451756477355957
92.19296264648438,151.7208709716797,27.991355895996094,101.01551818847656,0.8321018815040588
230.6472930908203,179.91104125976562,16.007736206054688,30.099990844726562,0.8303924798965454
629.1921997070312,86.96519470214844,14.58258056640625,291.956787109375,0.8253737092018127
240.69293212890625,180.97288513183594,15.818939208984375,31.18743896484375,0.8213768005371094
533.3223876953125,115.1847152709961,7.09857177734375,424.2937316894531,0.8144636750221252
593.9307861328125,96.17325592041016,6.1951904296875,408.4816589355469,0.7957348227500916
256.3991394042969,135.1920928955078,8.776885986328125,361.76556396484375,0.7939621806144714
138.37811279296875,180.20458984375,25.20477294921875,45.58953857421875,0.7934966087341309
634.767578125,60.99334716796875,4.41094970703125,438.5013732910156,0.7799357771873474
