191.7078399658203,181.17178344726562,16.848403930664062,33.737213134765625,0.8897237181663513
157.8275146484375,180.35626220703125,17.613235473632812,37.52726745605469,0.8696748614311218
285.2103271484375,177.93199157714844,17.263092041015625,32.83799743652344,0.8508381247520447
223.69332885742188,180.04452514648438,17.611129760742188,32.53446960449219,0.8318386673927307
431.7184143066406,120.1717758178711,8.506622314453125,396.3176574707031,0.8287470936775208
186.888671875,180.48077392578125,17.62786865234375,35.41606140136719,0.8262465596199036
557.3278198242188,102.32206726074219,8.75933837890625,393.520751953125,0.825435996055603
229.16720581054688,180.50010681152344,16.642547607421875,32.63157653808594,0.7991634607315063
526.679931640625,192.5607452392578,9.970947265625,385.44677734375,0.7972484827041626
72.02511596679688,141.6478271484375,18.59735870361328,258.9222717285156,0.7966773509979248
