154.9796142578125,176.50010681152344,17.9974365234375,37.80364990234375,0.9066312909126282
159.0462646484375,176.9079132080078,17.937393188476562,37.56101989746094,0.9049183130264282
470.2438659667969,117.44819641113281,7.916412353515625,405.50006103515625,0.8274288177490234
187.5694122314453,140.19769287109375,25.031661987304688,156.8497314453125,0.8167174458503723
186.85177612304688,179.04063415527344,18.054412841796875,35.66175842285156,0.8141874074935913
591.2798461914062,91.3280029296875,6.48944091796875,417.4905090332031,0.811235785484314
42.15555191040039,175.33567810058594,28.383014678955078,76.25796508789062,0.8090988993644714
176.65164184570312,134.14385986328125,10.621383666992188,350.86297607421875,0.800866425037384
141.40219116210938,118.38599395751953,15.60260009765625,313.2947692871094,0.7984787225723267
573.6249389648438,183.29039001464844,8.2884521484375,409.1578369140625,0.7964681386947632
