143.4382781982422,189.95094299316406,18.373321533203125,37.43919372558594,0.9438168406486511
130.79029846191406,189.89007568359375,18.64422607421875,38.88313293457031,0.9111186265945435
155.29554748535156,189.66000366210938,18.0308837890625,35.86820983886719,0.8983619213104248
138.53543090820312,191.01513671875,17.228561401367188,38.4564208984375,0.8878964781761169
470.4586486816406,117.73604583740234,8.37652587890625,409.3675842285156,0.8354846239089966
147.6585235595703,194.76193237304688,17.965133666992188,36.224273681640625,0.8318178653717041
617.2572021484375,85.91735076904297,5.61163330078125,445.9046630859375,0.7990008592605591
155.6764373779297,191.8187255859375,20.376785278320312,44.84700012207031,0.7983441948890686
137.53546142578125,133.094970703125,11.893310546875,347.75927734375,0.7919239401817322
547.1698608398438,182.19996643066406,9.39227294921875,406.80841064453125,0.7836104035377502
