627.2880859375,74.6849594116211,6.58984375,406.02850341796875,0.8217117786407471
145.04928588867188,138.114013671875,11.220489501953125,339.905517578125,0.8068116307258606
378.4649658203125,123.45796203613281,9.9727783203125,384.1976318359375,0.8017531037330627
488.0027770996094,185.13836669921875,17.08831787109375,40.37831115722656,0.7993878126144409
621.7802124023438,91.06391143798828,7.23809814453125,411.2911682128906,0.7909897565841675
456.11785888671875,102.62728118896484,9.79248046875,369.5339660644531,0.7835516929626465
578.31982421875,102.44894409179688,8.172119140625,407.0899658203125,0.7777745723724365
250.3565673828125,190.05345153808594,16.64776611328125,26.99658203125,0.7589378356933594
30.07522964477539,184.0677490234375,20.97829818725586,43.20796203613281,0.7584388852119446
474.89373779296875,191.4556427001953,14.83160400390625,32.915283203125,0.7576543688774109
