571.1135864257812,163.13568115234375,7.66168212890625,427.609619140625,0.8240371942520142
633.6094360351562,98.05133056640625,5.753173828125,440.9609375,0.8228451609611511
627.212646484375,94.03926086425781,15.0784912109375,284.38739013671875,0.8049114942550659
356.8727111816406,124.97227478027344,10.613250732421875,380.164794921875,0.8011732697486877
612.0908203125,114.28053283691406,28.9393310546875,294.03118896484375,0.7940238118171692
634.478515625,173.88621520996094,4.80780029296875,450.00323486328125,0.7693713903427124
538.0469970703125,107.70309448242188,10.18927001953125,393.5453186035156,0.7633058428764343
512.487548828125,90.7811050415039,9.5574951171875,412.322509765625,0.7517239451408386
66.86595153808594,178.3880157470703,32.32879638671875,116.16264343261719,0.750596821308136
66.22608947753906,143.5064697265625,17.275123596191406,260.0821228027344,0.73955237865448
