286.508544921875,123.45008087158203,11.97119140625,361.7481689453125,0.8316213488578796
574.8441772460938,168.4605712890625,7.16864013671875,421.25958251953125,0.8275855183601379
498.5753173828125,110.69771575927734,10.84222412109375,356.4128112792969,0.826141357421875
634.0466918945312,83.98758697509766,4.931640625,439.5453796386719,0.8107545971870422
75.55445861816406,140.4158172607422,15.636154174804688,311.71014404296875,0.7948809862136841
636.7992553710938,91.26980590820312,4.10052490234375,449.8919982910156,0.7782850861549377
44.946128845214844,142.8623809814453,20.355140686035156,235.13356018066406,0.7741127610206604
619.0300903320312,90.3990707397461,8.840576171875,385.6915588378906,0.7592495083808899
630.3135986328125,141.2323760986328,10.8106689453125,163.46861267089844,0.7581657767295837
258.3681640625,114.00275421142578,17.43804931640625,307.7577819824219,0.7558088302612305
