610.3797607421875,-143.38893127441406,52.1259765625,372.3773193359375,0.7581309080123901
632.0487670898438,112.54340362548828,11.2557373046875,258.93798828125,0.7508958578109741
611.5154418945312,-95.47743225097656,30.52410888671875,373.79119873046875,0.7212890982627869
622.0972900390625,-153.39247131347656,30.3135986328125,417.8062744140625,0.7159596085548401
597.6227416992188,-154.95481872558594,78.09954833984375,354.03472900390625,0.689871609210968
629.1770629882812,235.62562561035156,16.0594482421875,358.7564697265625,0.6554820537567139
629.2643432617188,-131.78912353515625,19.41436767578125,436.2581481933594,0.6538347005844116
624.977294921875,173.03753662109375,18.70745849609375,222.5177001953125,0.6534037590026855
385.3729248046875,124.16009521484375,9.0777587890625,381.85369873046875,0.6531041264533997
523.3211669921875,-54.60785675048828,58.36163330078125,301.4011535644531,0.6445460915565491
