636.8082275390625,38.530025482177734,4.9637451171875,249.51742553710938,0.7610344886779785
610.01171875,-134.46231079101562,47.5858154296875,331.8277282714844,0.735802412033081
630.339599609375,-164.1999053955078,13.16497802734375,448.2130126953125,0.7253626585006714
574.275634765625,121.80996704101562,6.34564208984375,436.8467712402344,0.7147985696792603
219.78134155273438,125.51010131835938,11.276779174804688,337.8906555175781,0.7063185572624207
616.7449340820312,-136.14251708984375,20.50286865234375,415.7943115234375,0.6896581649780273
629.9999389648438,-106.57699584960938,17.98895263671875,412.39990234375,0.6825881600379944
232.86923217773438,156.89816284179688,10.225128173828125,349.11138916015625,0.6730040907859802
602.3439331054688,346.0576171875,50.93792724609375,160.81167602539062,0.6632431745529175
616.7838134765625,8.359923362731934,6.9844970703125,444.40570068359375,0.6632329225540161
