624.7949829101562,41.11763381958008,18.52081298828125,350.1201477050781,0.8211668133735657
597.6539306640625,-55.60589599609375,77.06103515625,254.2301025390625,0.7659086585044861
596.9737548828125,-133.0000762939453,84.37213134765625,334.3661193847656,0.7218899130821228
523.0764770507812,-38.47264099121094,162.9207763671875,109.49772644042969,0.689590573310852
628.3011474609375,-152.96243286132812,18.7861328125,442.7348327636719,0.6851590275764465
612.6427612304688,80.01437377929688,53.8795166015625,308.3368225097656,0.664027750492096
590.9910278320312,-92.43023681640625,58.8353271484375,348.8309326171875,0.658077597618103
608.1145629882812,-121.98233032226562,57.52081298828125,391.8572998046875,0.6572680473327637
573.8515625,24.623180389404297,13.85711669921875,383.3325500488281,0.6548699736595154
628.4979858398438,-77.3147964477539,22.11749267578125,420.85906982421875,0.6508144736289978
