612.2703247070312,-100.46812438964844,51.15765380859375,285.9050598144531,0.7642347812652588
500.8760986328125,232.96788024902344,18.5623779296875,28.362594604492188,0.754258394241333
637.54443359375,133.92227172851562,4.6292724609375,435.6667175292969,0.747161865234375
562.6431884765625,-85.96360778808594,137.55078125,237.96444702148438,0.7410844564437866
624.7791748046875,-98.95329284667969,28.34027099609375,376.43585205078125,0.7340762615203857
508.67333984375,233.35903930664062,16.9295654296875,28.656646728515625,0.7115141749382019
617.3030395507812,129.5733642578125,38.27532958984375,243.7120361328125,0.6967379450798035
635.037841796875,97.29794311523438,6.01324462890625,429.6068420410156,0.696519672870636
600.1318969726562,219.46522521972656,46.91815185546875,106.59925842285156,0.6949114203453064
287.48834228515625,157.219970703125,11.746368408203125,316.096923828125,0.6920313239097595
