456.95562744140625,175.3123321533203,30.466400146484375,79.63996887207031,0.9218190908432007
469.29266357421875,193.2815704345703,26.90301513671875,50.92481994628906,0.8584297299385071
416.482177734375,184.3983917236328,33.41796875,81.44920349121094,0.834954023361206
572.5659790039062,113.96730041503906,5.97174072265625,439.307373046875,0.7918846011161804
631.70068359375,87.97933197021484,10.9534912109375,210.20962524414062,0.786791980266571
630.349853515625,70.17430114746094,6.44183349609375,425.07354736328125,0.7827131748199463
354.8077087402344,139.51422119140625,8.25042724609375,388.387939453125,0.7783290147781372
387.0251159667969,183.05636596679688,28.14117431640625,79.09463500976562,0.7591986060142517
630.7459716796875,108.52708435058594,12.7572021484375,294.86053466796875,0.755792498588562
616.5241088867188,98.32569122314453,20.17657470703125,304.1856689453125,0.7462521195411682
