501.11602783203125,174.68963623046875,32.8670654296875,80.0531005859375,0.8684558868408203
507.17120361328125,170.1273193359375,37.72674560546875,80.5623779296875,0.8678974509239197
461.78656005859375,179.12933349609375,31.5977783203125,77.87808227539062,0.8489129543304443
468.1666564941406,170.26853942871094,30.106201171875,95.75782775878906,0.8444260954856873
632.3206787109375,69.08965301513672,5.89373779296875,441.1991271972656,0.8401142358779907
635.599609375,99.59295654296875,6.5306396484375,421.07391357421875,0.8203170299530029
527.4338989257812,122.34247589111328,7.78717041015625,422.355712890625,0.8099340200424194
236.19985961914062,213.3313751220703,21.07427978515625,57.73051452636719,0.7910527586936951
271.0065612792969,208.64993286132812,17.471343994140625,53.904815673828125,0.7884445786476135
142.02952575683594,153.39688110351562,10.894088745117188,327.5553894042969,0.7800143957138062
