464.285888671875,175.39443969726562,30.778656005859375,76.57258605957031,0.8941459059715271
485.28668212890625,179.60987854003906,32.6474609375,66.68911743164062,0.8533817529678345
631.5369873046875,52.01469802856445,10.6492919921875,249.1038055419922,0.8419896960258484
126.93610382080078,214.42242431640625,23.219261169433594,64.22314453125,0.8419104814529419
617.2599487304688,180.4535369873047,8.87420654296875,422.7862548828125,0.8253267407417297
515.80615234375,123.84258270263672,8.446533203125,419.833251953125,0.8121235966682434
630.2537841796875,77.82550048828125,13.7650146484375,322.8516540527344,0.7926228046417236
636.91748046875,106.65663146972656,5.38226318359375,444.05889892578125,0.7913224697113037
625.0113525390625,127.69827270507812,15.65582275390625,238.89236450195312,0.7882421016693115
200.08489990234375,214.2769317626953,17.673187255859375,43.77244567871094,0.7824484705924988
