187.40264892578125,212.73719787597656,32.705108642578125,87.11424255371094,0.9160445332527161
533.4189453125,193.1476287841797,34.7484130859375,86.14015197753906,0.8634206056594849
51.75302505493164,170.2212371826172,27.663288116455078,268.6226806640625,0.8512134552001953
173.94654846191406,219.5236358642578,27.412796020507812,73.08345031738281,0.844855785369873
338.31304931640625,189.6060791015625,19.1268310546875,367.55023193359375,0.8431326746940613
627.5146484375,115.13175201416016,14.67620849609375,211.07229614257812,0.8424878120422363
521.986572265625,204.76560974121094,31.70428466796875,79.44569396972656,0.8164563179016113
609.3893432617188,181.12001037597656,23.58648681640625,165.66038513183594,0.814411997795105
634.5928344726562,193.97279357910156,6.42999267578125,448.1551513671875,0.8010579347610474
636.8347778320312,109.27728271484375,5.44757080078125,445.6402587890625,0.7888391017913818
