448.64208984375,160.20323181152344,11.412353515625,21.21875,0.7831926941871643
519.44384765625,109.74673461914062,6.38519287109375,412.7084655761719,0.7820349335670471
598.240234375,175.77052307128906,7.046142578125,430.37255859375,0.7796201109886169
211.51779174804688,135.57919311523438,9.741973876953125,350.19073486328125,0.7736449241638184
636.5941772460938,78.57266235351562,3.699951171875,456.3565368652344,0.7677757740020752
557.4893188476562,95.90876770019531,7.26373291015625,386.05535888671875,0.763297438621521
618.20458984375,152.96072387695312,39.72747802734375,101.2225341796875,0.7548022270202637
347.3577880859375,163.9561309814453,17.1356201171875,55.73475646972656,0.7500028610229492
176.54949951171875,103.71085357666016,13.240203857421875,331.3702087402344,0.7470904588699341
627.32568359375,-76.93428802490234,24.88531494140625,345.5799255371094,0.7418062686920166
