592.2520751953125,146.34994506835938,15.34765625,331.5716857910156,0.8579893112182617
629.4051513671875,180.60968017578125,10.43310546875,398.6832275390625,0.8464524745941162
632.17431640625,181.9212646484375,9.1036376953125,410.53363037109375,0.8404580354690552
334.50311279296875,130.61228942871094,12.1783447265625,373.38720703125,0.8367235660552979
629.246826171875,190.1498565673828,8.13525390625,427.36553955078125,0.824138879776001
509.647705078125,111.95352935791016,10.98028564453125,371.034423828125,0.7955121994018555
562.5301513671875,191.38975524902344,9.74346923828125,409.61834716796875,0.7905229926109314
76.80186462402344,133.2582244873047,21.04217529296875,283.4779052734375,0.7878673672676086
146.61012268066406,135.78262329101562,12.31781005859375,350.7487487792969,0.7830144762992859
347.5288391113281,80.99729919433594,62.197784423828125,159.04148864746094,0.758558452129364
