366.28411865234375,98.3173828125,8.4600830078125,378.0478515625,0.7723221778869629
606.9918212890625,36.17255783081055,4.8875732421875,437.3771057128906,0.7650296688079834
612.9639282226562,123.00997924804688,4.34454345703125,437.5834045410156,0.7623009085655212
637.7293090820312,94.97355651855469,3.9766845703125,448.4891357421875,0.7622666358947754
632.665771484375,80.02381134033203,9.76776123046875,326.5500793457031,0.7453164458274841
399.55560302734375,162.5492706298828,6.695159912109375,357.52099609375,0.7434746623039246
429.3241882324219,127.92977142333984,22.942413330078125,126.66121673583984,0.7372376322746277
634.3683471679688,28.696346282958984,4.652099609375,437.2463684082031,0.733052134513855
215.59652709960938,146.4830780029297,27.764739990234375,56.93641662597656,0.731246292591095
550.4102172851562,30.341434478759766,11.5421142578125,318.7046813964844,0.7227774858474731
