173.70736694335938,142.9343719482422,19.005813598632812,45.8927001953125,0.8412371277809143
196.56935119628906,141.4313507080078,18.9012451171875,43.2115478515625,0.8367965221405029
578.375,107.95340728759766,5.0050048828125,434.3762512207031,0.8222439885139465
267.08331298828125,87.07003784179688,10.5382080078125,366.9032897949219,0.8103958368301392
634.25439453125,42.326171875,4.49737548828125,448.3031005859375,0.7962741255760193
592.869873046875,207.17123413085938,8.6549072265625,393.8092346191406,0.787057638168335
620.2153930664062,82.41804504394531,4.31793212890625,435.70892333984375,0.7796005010604858
26.131105422973633,137.10528564453125,27.12473487854004,62.571136474609375,0.7749279737472534
318.8978271484375,141.38768005371094,7.25042724609375,362.9984130859375,0.7733602523803711
635.4022827148438,53.06755447387695,3.6243896484375,457.4376220703125,0.7708444595336914
