215.52003479003906,165.2974090576172,18.335769653320312,49.43263244628906,0.9201682209968567
542.1827392578125,108.3484115600586,6.35552978515625,427.2457580566406,0.8295027017593384
152.05274963378906,105.24580383300781,14.0838623046875,322.55670166015625,0.8059127330780029
632.60595703125,57.94917678833008,5.1700439453125,431.1667785644531,0.8017393946647644
261.90130615234375,166.00108337402344,20.551239013671875,55.51237487792969,0.79649418592453
630.7671508789062,67.85057830810547,5.14337158203125,414.2161560058594,0.7925811409950256
81.10749816894531,161.23110961914062,33.76301574707031,70.76521301269531,0.7921949625015259
610.9730224609375,85.3165054321289,5.548095703125,433.1493225097656,0.7853142023086548
576.3355712890625,196.0594940185547,8.61572265625,398.4300537109375,0.7847068905830383
636.7410888671875,78.81846618652344,3.58978271484375,454.0111083984375,0.7843955159187317
