80.71968078613281,179.67446899414062,34.832725524902344,81.69430541992188,0.8569113612174988
511.0950012207031,175.59466552734375,10.356536865234375,398.21942138671875,0.8561847805976868
401.6099548339844,121.90560150146484,10.232025146484375,391.5141296386719,0.8304725289344788
427.5955505371094,122.56697845458984,14.301605224609375,336.3381652832031,0.8257011771202087
209.07235717773438,181.72840881347656,31.1279296875,73.86811828613281,0.8241967558860779
19.795618057250977,190.11122131347656,28.685617446899414,65.04496765136719,0.8166565895080566
60.151268005371094,186.77430725097656,30.122459411621094,71.78468322753906,0.8121050000190735
50.51631164550781,147.25990295410156,24.038558959960938,170.02296447753906,0.8067761063575745
116.22372436523438,134.9091339111328,11.94866943359375,337.19927978515625,0.8060754537582397
635.5870971679688,68.15113830566406,8.1326904296875,361.2999267578125,0.7981224060058594
