539.0278930664062,112.76558685302734,9.4901123046875,378.7250671386719,0.82313472032547
630.6875,169.2545623779297,11.68121337890625,121.90895080566406,0.8141916990280151
552.26123046875,181.30604553222656,9.69952392578125,407.09283447265625,0.813113272190094
423.9567565917969,127.14590454101562,9.744659423828125,392.1986999511719,0.8123403191566467
629.318359375,72.93486785888672,7.06842041015625,433.14300537109375,0.8036854267120361
402.4639587402344,193.88893127441406,18.564208984375,41.040802001953125,0.8014167547225952
155.94287109375,137.91323852539062,11.43414306640625,343.1542663574219,0.7959495782852173
473.38165283203125,99.00448608398438,9.61187744140625,386.3457336425781,0.766891360282898
195.52366638183594,185.74815368652344,23.852645874023438,66.11338806152344,0.7551279664039612
135.1050262451172,127.84152221679688,16.171630859375,305.7227783203125,0.7532967329025269
