631.027099609375,88.92340087890625,6.68914794921875,438.03326416015625,0.8530990481376648
631.49609375,61.19500732421875,10.07281494140625,282.7890930175781,0.8509609699249268
517.57666015625,176.8708953857422,10.03955078125,408.92730712890625,0.8386315107345581
289.37567138671875,138.55575561523438,12.5675048828125,369.1834716796875,0.8137618899345398
635.5726318359375,99.77217864990234,5.5115966796875,449.8966979980469,0.8080597519874573
481.64093017578125,124.8210678100586,12.81829833984375,361.6585693359375,0.8009058237075806
632.9746704101562,99.02981567382812,7.5941162109375,430.5853576660156,0.7973829507827759
631.3816528320312,175.58738708496094,6.05169677734375,441.4498291015625,0.7878490090370178
53.43201446533203,166.96316528320312,16.36548614501953,284.92706298828125,0.7707692980766296
412.1417236328125,112.93431854248047,12.8594970703125,369.646484375,0.7674098610877991
