59.833106994628906,172.66357421875,27.409523010253906,82.51181030273438,0.8469977974891663
54.092201232910156,172.26821899414062,31.106163024902344,69.11505126953125,0.8380630612373352
635.69287109375,85.74198150634766,4.3909912109375,450.0753479003906,0.8229563236236572
636.48779296875,157.47421264648438,5.3240966796875,451.0635070800781,0.8220216631889343
374.3564147949219,112.45777130126953,10.14306640625,392.8922119140625,0.8206014037132263
553.9169921875,96.58222961425781,8.48284912109375,398.29681396484375,0.8167448043823242
33.583099365234375,166.63636779785156,30.587295532226562,73.01338195800781,0.8100576400756836
121.21112823486328,134.24102783203125,12.275047302246094,342.0433654785156,0.7939925789833069
588.3307495117188,164.7317657470703,6.80194091796875,432.37384033203125,0.7929724454879761
65.17578887939453,179.14218139648438,30.190719604492188,57.494171142578125,0.7854229211807251
