627.055908203125,79.40172576904297,6.982421875,415.0797424316406,0.8555582165718079
156.28746032714844,163.948486328125,23.963973999023438,72.51725769042969,0.8525573015213013
633.996826171875,169.13426208496094,4.70867919921875,447.36798095703125,0.8439653515815735
470.937255859375,219.92604064941406,13.28424072265625,350.27069091796875,0.8365349769592285
225.14036560058594,148.6663818359375,9.486953735351562,339.3833312988281,0.815045952796936
194.66015625,165.49192810058594,23.611480712890625,59.642333984375,0.8115956783294678
497.7458190917969,114.35801696777344,7.754119873046875,410.084228515625,0.8099789023399353
536.505126953125,89.71406555175781,9.7264404296875,385.36865234375,0.808254599571228
69.02678680419922,120.80996704101562,20.27679443359375,276.0910339355469,0.7895539402961731
637.0421752929688,82.59678649902344,3.81182861328125,452.75506591796875,0.7869187593460083
