433.47198486328125,127.86382293701172,10.48309326171875,396.230712890625,0.8250111937522888
517.8140869140625,120.65071105957031,10.321533203125,349.045654296875,0.8066858053207397
440.96630859375,82.81964874267578,10.8426513671875,381.3314208984375,0.8013500571250916
124.14061737060547,143.23072814941406,10.388847351074219,318.56463623046875,0.7846731543540955
636.77685546875,59.901824951171875,5.80682373046875,427.2678527832031,0.778739333152771
630.7799682617188,76.1406021118164,6.9422607421875,427.5736389160156,0.7749868631362915
633.146484375,83.79942321777344,7.1639404296875,406.52679443359375,0.7712377309799194
636.1715087890625,77.58329010009766,5.30157470703125,450.8180847167969,0.7697251439094543
128.53395080566406,154.30291748046875,17.828842163085938,245.94805908203125,0.7672781944274902
636.7293090820312,84.4614486694336,3.84503173828125,457.3129577636719,0.7613472938537598
