326.617919921875,193.03504943847656,19.899444580078125,37.75537109375,0.8855188488960266
342.185791015625,169.66403198242188,25.442413330078125,88.95223999023438,0.8547719717025757
541.731201171875,116.35037994384766,7.1544189453125,429.6481628417969,0.8351314663887024
623.9104614257812,100.17405700683594,17.3316650390625,276.23883056640625,0.81059730052948
362.81329345703125,179.84130859375,28.72406005859375,55.74043273925781,0.8041492104530334
197.9781951904297,142.67398071289062,9.760696411132812,345.65423583984375,0.8015652298927307
614.9976806640625,131.33485412597656,31.40008544921875,175.50880432128906,0.7924399375915527
610.9805908203125,89.3690414428711,6.44677734375,431.7606506347656,0.789931058883667
105.82836151123047,134.7752227783203,17.79613494873047,286.1995849609375,0.7749252915382385
585.825927734375,183.80703735351562,8.644775390625,416.7411804199219,0.7739717960357666
