605.6030883789062,93.98005676269531,6.71478271484375,430.5994873046875,0.8247889280319214
543.73828125,118.4161376953125,6.504150390625,421.4451904296875,0.8180813789367676
214.18661499023438,141.69808959960938,9.470901489257812,350.5428466796875,0.8084604144096375
631.417236328125,-59.367942810058594,16.6944580078125,399.32012939453125,0.8000351786613464
481.8006896972656,187.1700439453125,21.238616943359375,55.96246337890625,0.7905328273773193
129.30084228515625,134.30079650878906,16.22210693359375,292.08099365234375,0.7893935441970825
495.4368591308594,96.6463394165039,8.890380859375,388.1792907714844,0.7829514741897583
526.2559814453125,227.35581970214844,12.6968994140625,358.90252685546875,0.7799423933029175
635.6516723632812,85.8149642944336,5.49517822265625,429.6366271972656,0.7673137784004211
534.322021484375,177.18360900878906,76.40032958984375,106.18885803222656,0.7477818131446838
