587.4383544921875,195.371826171875,20.81304931640625,48.550201416015625,0.8892248868942261
592.0518798828125,202.104736328125,18.29541015625,46.12474060058594,0.8530585765838623
504.9948425292969,117.0272216796875,7.802459716796875,416.79541015625,0.8191288113594055
100.76778411865234,160.43943786621094,24.20379638671875,111.89225769042969,0.8104264140129089
183.19662475585938,185.9239959716797,24.638137817382812,53.35948181152344,0.8033321499824524
590.675537109375,100.43663787841797,6.45587158203125,410.65167236328125,0.7939618825912476
217.813232421875,139.7938690185547,9.269058227539062,354.29156494140625,0.7891960740089417
126.75885009765625,119.6069107055664,18.27569580078125,182.3077392578125,0.7791467308998108
173.3348388671875,160.49993896484375,23.448272705078125,113.41159057617188,0.7703335881233215
155.1818389892578,143.3504180908203,18.530410766601562,141.3713836669922,0.7701934576034546
