191.07867431640625,138.9987030029297,9.956512451171875,348.2972412109375,0.8150234818458557
556.484130859375,80.8750991821289,6.834716796875,422.1446533203125,0.8054743409156799
594.3358154296875,99.5204849243164,7.08978271484375,414.1809997558594,0.8035752773284912
482.91424560546875,123.87642669677734,8.92584228515625,407.7275085449219,0.7944310307502747
622.07177734375,105.99589538574219,20.4537353515625,265.412841796875,0.7869276404380798
411.841064453125,183.46734619140625,14.37652587890625,28.232177734375,0.7680429220199585
631.3206787109375,79.15762329101562,5.5521240234375,442.9515075683594,0.7632176280021667
633.8345336914062,69.39933013916016,5.362548828125,442.4134826660156,0.7590096592903137
636.5650634765625,89.39146423339844,4.1434326171875,458.25909423828125,0.7567365169525146
19.596601486206055,178.98471069335938,21.12994956970215,36.77821350097656,0.7506855130195618
