21.958980560302734,164.6295928955078,19.968578338623047,42.582611083984375,0.8382640480995178
477.9980773925781,124.23660278320312,7.551116943359375,392.7066955566406,0.8237873911857605
0.39527416229248047,161.92007446289062,13.762547492980957,47.77345275878906,0.8214082717895508
564.9122924804688,195.7447967529297,7.97052001953125,386.885009765625,0.8184406757354736
562.62060546875,105.5764389038086,7.45068359375,378.0277099609375,0.8125702738761902
16.97787857055664,165.34982299804688,21.74797821044922,42.217254638671875,0.7941998243331909
11.426105499267578,163.89810180664062,22.11864471435547,45.90863037109375,0.7915037274360657
95.20537567138672,142.24725341796875,12.225700378417969,311.07049560546875,0.7875809073448181
72.91847229003906,128.0096435546875,17.899642944335938,263.24530029296875,0.7871435880661011
36.16545104980469,168.77711486816406,22.105255126953125,37.33894348144531,0.7637773752212524
