494.7751159667969,188.18959045410156,17.1929931640625,35.72259521484375,0.8754761219024658
555.4791259765625,116.62648010253906,5.976806640625,425.8472900390625,0.835804283618927
197.1228790283203,117.14561462402344,12.101181030273438,327.6494140625,0.7932487726211548
223.2991943359375,136.17442321777344,9.442489624023438,361.54241943359375,0.7878029942512512
499.94830322265625,191.70584106445312,18.003173828125,40.02276611328125,0.7803208231925964
496.51104736328125,195.70025634765625,19.18157958984375,39.88531494140625,0.7749742269515991
605.2384033203125,97.90896606445312,5.69580078125,422.3828430175781,0.7718143463134766
561.1232299804688,83.64625549316406,6.586669921875,421.2291259765625,0.7692946195602417
136.8120880126953,158.95323181152344,24.76239013671875,98.84547424316406,0.7650454044342041
153.40286254882812,184.7761993408203,20.528945922851562,38.70649719238281,0.7636288404464722
