606.2510986328125,183.60604858398438,23.734130859375,69.94976806640625,0.900046706199646
529.7969970703125,187.48484802246094,19.50927734375,46.01043701171875,0.874415934085846
523.608154296875,190.38253784179688,16.88525390625,41.632354736328125,0.8299407362937927
537.4553833007812,110.6866683959961,6.536376953125,427.9629211425781,0.8237512111663818
601.260498046875,190.66073608398438,19.82635498046875,56.8067626953125,0.8174000978469849
634.6474609375,62.39922332763672,4.29290771484375,438.6514892578125,0.8048744201660156
595.9810791015625,90.4668197631836,7.099853515625,431.4211730957031,0.7974069118499756
625.1946411132812,171.60572814941406,13.04937744140625,90.87702941894531,0.797257661819458
291.3365783691406,127.92354583740234,8.6622314453125,385.6590881347656,0.7833178639411926
52.69063949584961,170.6024169921875,28.02762222290039,51.220458984375,0.7825440764427185
