614.2321166992188,174.6132354736328,20.962646484375,80.08604431152344,0.9096120595932007
521.091064453125,186.07362365722656,18.853271484375,45.75115966796875,0.8524418473243713
624.6522216796875,-17.254615783691406,29.2857666015625,352.0217590332031,0.8467103838920593
523.0658569335938,110.8634262084961,6.84808349609375,424.3655700683594,0.832116961479187
627.2009887695312,165.71653747558594,11.869140625,98.09437561035156,0.8156263828277588
174.2898406982422,181.15985107421875,23.0828857421875,48.93475341796875,0.8149498701095581
507.3572082519531,184.86520385742188,16.203033447265625,36.92578125,0.8143848776817322
75.4930419921875,176.4022979736328,26.952186584472656,49.34974670410156,0.8123078942298889
571.03125,90.64593505859375,8.27801513671875,416.474609375,0.808994710445404
496.10040283203125,83.3106689453125,9.058746337890625,408.8945617675781,0.7892006039619446
