614.135009765625,170.15267944335938,21.86553955078125,85.31552124023438,0.9005164504051208
626.4496459960938,-19.985332489013672,25.8897705078125,360.23651123046875,0.8514391779899597
631.0347900390625,66.12353515625,5.60638427734375,423.7862548828125,0.8482981324195862
556.0723266601562,109.69513702392578,6.0345458984375,434.78900146484375,0.8210554122924805
627.3613891601562,163.76295471191406,11.8658447265625,100.36613464355469,0.8050479292869568
78.30506134033203,176.8225860595703,25.568443298339844,46.06585693359375,0.8034612536430359
591.5282592773438,90.00395202636719,7.45855712890625,430.45709228515625,0.8029552102088928
610.9190673828125,182.23855590820312,17.2994384765625,63.90446472167969,0.8025410771369934
159.1658172607422,181.45863342285156,22.750473022460938,44.511505126953125,0.7982085347175598
70.07968139648438,170.7963409423828,29.214340209960938,63.35899353027344,0.7919727563858032
