631.6554565429688,65.42768859863281,5.20220947265625,422.7786865234375,0.845824122428894
612.9686279296875,181.97628784179688,21.53167724609375,75.38534545898438,0.8327338099479675
527.6874389648438,185.20849609375,20.468505859375,50.238037109375,0.8313038945198059
573.781005859375,109.467041015625,5.6357421875,441.737060546875,0.8175888657569885
521.9741821289062,187.88455200195312,18.13507080078125,44.16197204589844,0.8063425421714783
85.71617126464844,174.2129364013672,27.771530151367188,49.48957824707031,0.8040984272956848
597.34765625,88.03985595703125,6.908447265625,433.682861328125,0.7975133061408997
175.4647216796875,180.44033813476562,21.797683715820312,47.26664733886719,0.7861813306808472
636.982421875,87.8772201538086,3.61419677734375,457.9550476074219,0.7836969494819641
260.311767578125,123.52067565917969,9.46478271484375,389.37591552734375,0.7829408645629883
