540.6853637695312,183.54286193847656,21.4124755859375,52.81732177734375,0.9834656715393066
605.5675659179688,167.33541870117188,28.57257080078125,84.07077026367188,0.9381699562072754
522.6575927734375,187.8790283203125,16.82257080078125,44.661834716796875,0.8565900921821594
519.9742431640625,190.487548828125,17.28778076171875,44.42817687988281,0.817263126373291
535.3953247070312,107.493896484375,6.63262939453125,430.4688720703125,0.8149836659431458
605.7782592773438,175.05177307128906,21.5870361328125,67.34494018554688,0.811432957649231
636.660400390625,86.84172821044922,3.82000732421875,456.40838623046875,0.8062722682952881
589.3944091796875,170.12721252441406,7.44879150390625,438.46502685546875,0.8056647777557373
595.4448852539062,91.93287658691406,7.41058349609375,429.18255615234375,0.7973851561546326
637.6163330078125,95.32148742675781,3.44195556640625,460.7103271484375,0.7903468608856201
