614.624755859375,191.40802001953125,21.214599609375,73.17877197265625,0.9224563837051392
625.8342895507812,75.15372467041016,6.68963623046875,402.4908447265625,0.8435825109481812
582.7284545898438,169.4317626953125,7.38226318359375,433.71331787109375,0.8402449488639832
603.3584594726562,197.64346313476562,17.6156005859375,53.51824951171875,0.8307346105575562
529.0465698242188,189.35003662109375,19.1417236328125,47.26678466796875,0.8304230570793152
77.13114929199219,184.3160858154297,26.45245361328125,49.22492980957031,0.8282505869865417
32.24592590332031,182.13172912597656,29.167518615722656,57.7781982421875,0.8209713697433472
85.15068817138672,184.3076171875,26.24102020263672,48.75193786621094,0.8206943869590759
488.73187255859375,113.32582092285156,7.963104248046875,419.9561767578125,0.8163195848464966
61.839881896972656,184.0386199951172,27.052040100097656,50.60371398925781,0.812699019908905
