537.3170776367188,186.0936279296875,18.40545654296875,43.5848388671875,0.8796103596687317
564.9939575195312,184.92161560058594,19.93499755859375,50.20365905761719,0.8264959454536438
547.5609741210938,111.66070556640625,6.39312744140625,427.23187255859375,0.8200569748878479
44.252586364746094,164.81607055664062,29.298011779785156,50.29718017578125,0.8169775605201721
222.17543029785156,128.3802947998047,24.799118041992188,163.2582550048828,0.813088595867157
81.40128326416016,168.88833618164062,29.703346252441406,49.105133056640625,0.8102654218673706
54.25092697143555,166.59994506835938,25.823612213134766,47.17906188964844,0.8005882501602173
48.639522552490234,165.0742645263672,29.900005340576172,53.886932373046875,0.7931547164916992
589.2410888671875,89.46737670898438,6.26239013671875,416.3157043457031,0.7903925180435181
74.36280059814453,168.5037841796875,26.053428649902344,47.28973388671875,0.7865245342254639
