569.8980102539062,183.63807678222656,19.88909912109375,54.7952880859375,0.9406259059906006
562.51123046875,181.92587280273438,19.36199951171875,54.775604248046875,0.8966162204742432
578.8668212890625,188.34075927734375,18.62335205078125,50.41593933105469,0.8507110476493835
567.86328125,115.3352279663086,5.5386962890625,430.6488342285156,0.8336064219474792
41.567630767822266,161.87184143066406,31.98251724243164,58.894927978515625,0.8204206228256226
58.54373550415039,160.6912384033203,25.54598617553711,73.18081665039062,0.8195691108703613
569.9105834960938,96.64208984375,6.73846435546875,392.6822814941406,0.8113902807235718
52.131256103515625,163.66111755371094,29.38873291015625,57.83619689941406,0.8111979961395264
80.63246154785156,166.91737365722656,31.884231567382812,54.377197265625,0.8033255338668823
179.60821533203125,102.6242904663086,12.709152221679688,334.1065368652344,0.7928259372711182
