563.7093505859375,183.72560119628906,20.8875732421875,53.67279052734375,0.931686282157898
571.1888427734375,116.72357177734375,5.7132568359375,433.9739990234375,0.8289561867713928
68.84632110595703,160.59446716308594,33.572845458984375,67.16099548339844,0.8259602189064026
109.60301208496094,163.12054443359375,29.491973876953125,72.49073791503906,0.8253575563430786
578.400634765625,187.72714233398438,17.78570556640625,49.870391845703125,0.8251331448554993
101.36107635498047,164.85411071777344,33.334266662597656,60.67169189453125,0.8062980771064758
585.214599609375,93.31379699707031,6.432861328125,409.5445556640625,0.8053007125854492
187.26136779785156,103.54210662841797,12.47222900390625,341.2475891113281,0.8028292059898376
141.40509033203125,144.66102600097656,31.459457397460938,115.08024597167969,0.8012669086456299
190.1975860595703,137.94796752929688,24.595367431640625,144.95660400390625,0.7989015579223633
