65.77996063232422,173.30972290039062,30.695213317871094,61.20005798339844,0.868860125541687
104.0421142578125,170.911376953125,28.4637451171875,83.05332946777344,0.8618355393409729
98.20199584960938,170.71356201171875,27.171676635742188,93.40811157226562,0.8480184078216553
64.11573791503906,167.16090393066406,26.37628173828125,90.31275939941406,0.8316976428031921
64.60575866699219,179.75498962402344,24.4053955078125,49.09513854980469,0.8304054737091064
626.0625,-16.923351287841797,27.057861328125,318.951416015625,0.8250940442085266
576.6448974609375,95.40576171875,7.2025146484375,410.00286865234375,0.8246380090713501
498.7203369140625,115.46353149414062,7.5274658203125,414.2073669433594,0.8225598931312561
74.49849700927734,178.25051879882812,23.960433959960938,50.881195068359375,0.8222224712371826
84.92129516601562,177.1708984375,24.25634002685547,51.647430419921875,0.8152726888656616
