557.8038940429688,200.1171112060547,21.48236083984375,56.92109680175781,0.8832127451896667
21.981876373291016,192.58534240722656,26.974346160888672,54.728607177734375,0.8329715132713318
435.59808349609375,121.41537475585938,8.33160400390625,395.3074645996094,0.824504554271698
591.3797607421875,95.35627746582031,7.32489013671875,421.64251708984375,0.805144190788269
15.137816429138184,189.66796875,26.917156219482422,59.0042724609375,0.7813583612442017
577.4682006835938,176.730224609375,7.91046142578125,423.9708251953125,0.7791008949279785
106.7445297241211,139.5539093017578,12.702102661132812,334.63995361328125,0.7789629101753235
636.3956909179688,44.12828826904297,6.6243896484375,429.312744140625,0.7785125374794006
635.599609375,89.3628921508789,4.5596923828125,448.8905944824219,0.7741506099700928
555.762451171875,87.50837707519531,7.5615234375,422.12921142578125,0.7658448219299316
