104.9595718383789,192.96656799316406,18.143081665039062,35.66334533691406,0.8490080833435059
89.35673522949219,194.97613525390625,18.394569396972656,33.88221740722656,0.8380825519561768
512.258056640625,194.54554748535156,24.0609130859375,51.36529541015625,0.8355240225791931
113.25257110595703,191.89007568359375,18.77777862548828,36.56134033203125,0.8161303997039795
522.7844848632812,194.92709350585938,27.4560546875,52.89039611816406,0.8128751516342163
423.6109924316406,127.25727081298828,8.806243896484375,388.3150634765625,0.8118057250976562
628.043212890625,74.27342987060547,6.9814453125,418.45428466796875,0.8117925524711609
591.1204833984375,101.90647888183594,7.22015380859375,416.97698974609375,0.8082906007766724
135.3987579345703,143.47747802734375,11.86163330078125,335.8756408691406,0.7984282970428467
85.91177368164062,196.79684448242188,17.922622680664062,33.103179931640625,0.7936349511146545
