279.9480895996094,188.73536682128906,14.149444580078125,25.646636962890625,0.821361780166626
507.00714111328125,123.61318969726562,8.07171630859375,412.5960998535156,0.8134910464286804
561.81494140625,191.37234497070312,32.638671875,70.1435546875,0.8116251230239868
263.10223388671875,188.06089782714844,14.930877685546875,26.778900146484375,0.80328768491745
630.4080200195312,159.35604858398438,9.47662353515625,125.86642456054688,0.8025191426277161
605.50146484375,185.15965270996094,25.1468505859375,81.26835632324219,0.78978031873703
194.97000122070312,141.80178833007812,10.146560668945312,349.6122741699219,0.7879502177238464
633.3626708984375,67.30558013916016,5.36456298828125,439.69659423828125,0.7814974784851074
270.5346374511719,190.74139404296875,14.63592529296875,28.963882446289062,0.7682161927223206
591.0791625976562,109.5280990600586,7.90472412109375,413.5618591308594,0.755826473236084
