474.0953369140625,195.31576538085938,14.07928466796875,30.683364868164062,0.9892958998680115
535.6557006835938,195.22552490234375,19.5361328125,39.00294494628906,0.8239731788635254
468.8073425292969,196.48858642578125,12.72430419921875,29.383651733398438,0.8235036730766296
445.68243408203125,124.24481201171875,8.80450439453125,392.71435546875,0.8226181864738464
568.990234375,101.95796203613281,8.3541259765625,401.97039794921875,0.8014851212501526
188.313720703125,131.02711486816406,10.79608154296875,359.1416015625,0.791978657245636
623.3970947265625,88.16971588134766,7.26611328125,417.7788391113281,0.7786873579025269
88.8865966796875,189.88375854492188,19.418296813964844,39.44575500488281,0.7753888368606567
66.28646850585938,189.07965087890625,19.68872833251953,43.71295166015625,0.7695748805999756
487.0028076171875,93.776611328125,9.45892333984375,397.02301025390625,0.7676458954811096
