430.3848571777344,196.06863403320312,11.7196044921875,24.804046630859375,0.8825464248657227
633.8429565429688,93.21049499511719,10.95794677734375,339.8814697265625,0.8208792209625244
457.0990295410156,124.99031066894531,9.30938720703125,400.53216552734375,0.8134751915931702
449.25244140625,197.80569458007812,13.85589599609375,26.07061767578125,0.8067516088485718
36.5505256652832,187.9930419921875,23.177330017089844,51.638031005859375,0.8029127717018127
602.5896606445312,95.61345672607422,6.40386962890625,426.405517578125,0.8025946617126465
44.68510437011719,174.25,24.214675903320312,87.21023559570312,0.8008491396903992
446.7132263183594,196.4852752685547,14.473480224609375,27.027191162109375,0.7979802489280701
190.19569396972656,137.046630859375,9.926910400390625,352.8407287597656,0.7928836345672607
632.5057373046875,78.70919036865234,5.46246337890625,429.3157653808594,0.7816106081008911
