318.7861633300781,189.1330108642578,14.660430908203125,27.287094116210938,0.8619232177734375
328.55657958984375,189.97183227539062,14.89459228515625,30.857940673828125,0.8215693831443787
488.761962890625,114.94841766357422,7.809539794921875,410.69561767578125,0.8131206035614014
590.5823974609375,97.89620971679688,6.99945068359375,415.6837463378906,0.8079701066017151
207.15455627441406,136.4017791748047,9.948959350585938,355.4620361328125,0.8035852313041687
309.5895080566406,194.33937072753906,13.319732666015625,26.438232421875,0.7802801132202148
561.348388671875,192.16873168945312,9.2086181640625,401.8945007324219,0.780083954334259
26.877737045288086,185.2734375,24.41257667541504,47.906341552734375,0.7763106822967529
635.7074584960938,79.62723541259766,5.7900390625,431.447998046875,0.7724563479423523
43.379215240478516,187.7979278564453,23.53421401977539,45.84454345703125,0.7590763568878174
