496.078369140625,172.94863891601562,21.33758544921875,49.54304504394531,0.9541159868240356
301.958740234375,183.23837280273438,16.4542236328125,31.293411254882812,0.8615617752075195
626.037841796875,80.76594543457031,8.04766845703125,411.28607177734375,0.8435282111167908
526.4812622070312,125.49752807617188,7.81939697265625,419.2154846191406,0.8244556784629822
504.93341064453125,171.71018981933594,20.14276123046875,102.43232727050781,0.8084542155265808
576.9871215820312,109.26300811767578,9.0467529296875,406.8812255859375,0.8031247854232788
129.92005920410156,150.5026397705078,10.751388549804688,315.24700927734375,0.8025296926498413
124.99202728271484,139.35243225097656,16.126686096191406,290.40118408203125,0.8007823824882507
485.1948547363281,171.0390167236328,19.750579833984375,48.57756042480469,0.7907740473747253
631.3934936523438,121.97563934326172,13.90203857421875,260.4717712402344,0.7806544899940491
