462.3843078613281,117.0941162109375,8.466033935546875,407.061279296875,0.810111403465271
157.92254638671875,138.43247985839844,11.54144287109375,346.33154296875,0.7990939021110535
598.761474609375,98.18718719482422,6.45562744140625,420.608154296875,0.780834436416626
634.5418701171875,101.31719207763672,6.07470703125,437.2696533203125,0.7794790267944336
625.2427978515625,90.86109924316406,8.27960205078125,406.890869140625,0.770074725151062
592.9989624023438,182.4593505859375,7.49053955078125,425.2430419921875,0.7684551477432251
102.22045135498047,128.26681518554688,16.10614776611328,294.7677001953125,0.7574620842933655
550.3900756835938,87.74070739746094,7.22735595703125,417.05633544921875,0.7537640929222107
630.135009765625,122.58427429199219,12.13311767578125,206.6725616455078,0.7385171055793762
373.4553527832031,82.90116119384766,19.492645263671875,245.18008422851562,0.7364228963851929
