552.2191772460938,194.96482849121094,19.76947021484375,40.74310302734375,0.8899612426757812
560.7420654296875,189.6439666748047,21.725830078125,44.75700378417969,0.8699910640716553
497.5833740234375,119.89800262451172,11.643310546875,360.1151428222656,0.8306950926780701
469.8660888671875,216.61660766601562,23.34100341796875,38.94683837890625,0.8252148628234863
579.572998046875,166.06629943847656,7.268798828125,427.736328125,0.8232154250144958
277.52130126953125,132.89422607421875,11.71722412109375,353.7428894042969,0.8213996291160583
24.071359634399414,202.39242553710938,29.364912033081055,63.166778564453125,0.8005427122116089
635.9341430664062,89.90640258789062,4.2958984375,451.4576721191406,0.8000732660293579
513.4253540039062,210.800048828125,22.09210205078125,36.141510009765625,0.7889012694358826
95.9725570678711,142.88665771484375,13.898109436035156,326.50628662109375,0.7641193866729736
