575.1722412109375,166.63250732421875,7.07574462890625,419.4683837890625,0.8304667472839355
592.9862060546875,89.75733947753906,6.26483154296875,418.13507080078125,0.8232938051223755
425.0956726074219,116.85230255126953,9.1241455078125,394.564208984375,0.8143852949142456
240.3068389892578,172.54637145996094,30.229263305664062,77.72459411621094,0.808423638343811
634.3731079101562,63.55564880371094,4.93487548828125,446.7738037109375,0.795866072177887
182.76278686523438,132.42703247070312,10.700531005859375,354.45648193359375,0.7935407161712646
325.080810546875,95.27603912353516,21.58612060546875,241.69924926757812,0.7884418368339539
147.7659149169922,113.80120849609375,15.061859130859375,318.7878112792969,0.7822660207748413
521.9076538085938,82.57049560546875,7.61907958984375,405.7193603515625,0.7766456007957458
148.02578735351562,163.81637573242188,34.02262878417969,72.11514282226562,0.7756449580192566
