589.8111572265625,47.7567253112793,13.135498046875,396.22894287109375,0.7719976305961609
494.39495849609375,140.3677520751953,8.5904541015625,396.824951171875,0.7689098715782166
458.8592834472656,300.68206787109375,24.02587890625,62.448760986328125,0.7617617249488831
612.2028198242188,31.24068260192871,11.7939453125,423.9571838378906,0.7602936625480652
322.972900390625,314.4858093261719,17.94952392578125,30.70709228515625,0.7581422924995422
634.771484375,86.78980255126953,9.02850341796875,322.0585021972656,0.7228207588195801
89.83053588867188,176.3988800048828,11.715423583984375,292.77752685546875,0.7088765501976013
268.7392883300781,314.9403381347656,17.146484375,25.54803466796875,0.7048563361167908
633.3944702148438,194.3139190673828,4.52679443359375,458.44488525390625,0.6970869898796082
638.0614624023438,40.99505615234375,3.64739990234375,455.761962890625,0.6959660053253174
