521.362060546875,115.9625244140625,7.244873046875,421.088623046875,0.8379310369491577
575.4573974609375,165.06263732910156,7.7572021484375,436.00604248046875,0.8324817419052124
627.316162109375,206.2750701904297,10.9814453125,58.82017517089844,0.8311021327972412
179.99002075195312,132.05088806152344,10.842483520507812,361.01983642578125,0.818268895149231
579.931396484375,98.13684844970703,7.54461669921875,413.8883056640625,0.8128644824028015
635.5250244140625,64.58390045166016,8.10321044921875,406.28118896484375,0.8010752201080322
549.324951171875,87.31096649169922,7.355712890625,419.73944091796875,0.7910493016242981
626.186279296875,78.24837493896484,6.95263671875,408.9256896972656,0.7876255512237549
629.9031982421875,78.13630676269531,6.81622314453125,435.1253662109375,0.7858597636222839
170.52615356445312,157.76010131835938,24.607940673828125,148.16497802734375,0.7764202952384949
