246.57997131347656,193.41773986816406,13.319259643554688,24.838714599609375,0.9914998412132263
635.1796264648438,98.97132110595703,8.99749755859375,366.6195373535156,0.8576018214225769
599.60498046875,100.19580078125,7.18231201171875,426.5677490234375,0.808127224445343
203.2342529296875,119.4687271118164,25.372955322265625,202.037841796875,0.7867990136146545
635.7398071289062,92.30348205566406,4.8525390625,456.8741455078125,0.7837005257606506
534.4238891601562,95.43045043945312,8.21295166015625,412.3697814941406,0.783682107925415
248.18234252929688,193.09060668945312,13.25396728515625,21.78680419921875,0.7829869985580444
397.6208801269531,125.79408264160156,11.2044677734375,398.1041259765625,0.7759013175964355
148.1016845703125,132.24139404296875,11.287628173828125,352.41204833984375,0.7744635343551636
73.86311340332031,142.27684020996094,29.762649536132812,171.2344207763672,0.7606967687606812
