399.3955993652344,195.44775390625,14.77508544921875,25.390594482421875,0.8456524014472961
632.6972045898438,90.11714172363281,5.73248291015625,433.001708984375,0.8257282376289368
561.1436157226562,105.95697021484375,9.37841796875,401.43841552734375,0.8209517598152161
332.02728271484375,127.47472381591797,11.434326171875,375.3452453613281,0.8206936717033386
635.0419921875,95.48704528808594,9.315185546875,365.44415283203125,0.8121919631958008
554.096923828125,176.2352752685547,9.3233642578125,411.7960205078125,0.7937510013580322
89.09684753417969,137.21047973632812,12.698272705078125,333.6070556640625,0.7868804335594177
475.79217529296875,100.67447662353516,9.922698974609375,388.2320556640625,0.7834341526031494
606.2505493164062,113.61176300048828,10.43756103515625,342.42840576171875,0.7636420130729675
111.85977935791016,125.23356628417969,15.839195251464844,306.83551025390625,0.7550079822540283
