543.1873168945312,6.141046524047852,63.15118408203125,43.75331115722656,0.6673809885978699
633.5349731445312,-132.58685302734375,12.25494384765625,453.5341796875,0.6521775722503662
530.0603637695312,0.2559703588485718,50.5325927734375,37.30299758911133,0.6495267152786255
615.143310546875,-68.35549926757812,46.39990234375,344.801025390625,0.6436761021614075
635.04931640625,41.823394775390625,6.17498779296875,114.83328247070312,0.6228333115577698
577.7503662109375,13.064205169677734,34.564697265625,42.73833084106445,0.6136430501937866
262.81915283203125,281.262451171875,70.84014892578125,22.587249755859375,0.6097909212112427
23.752344131469727,271.83551025390625,27.449953079223633,104.68276977539062,0.5941754579544067
550.9029541015625,-5.515129566192627,155.6583251953125,217.43153381347656,0.5810037851333618
635.6196899414062,-13.098664283752441,8.1583251953125,443.74664306640625,0.5779109001159668
