612.5853881835938,-112.99095153808594,46.52215576171875,358.09039306640625,0.7831318378448486
633.6580810546875,72.56748962402344,8.74066162109375,299.17510986328125,0.7638096213340759
619.6915893554688,113.73112487792969,34.65838623046875,298.98779296875,0.7493513822555542
555.2716674804688,-83.50943756103516,151.02874755859375,244.47091674804688,0.7236893773078918
626.6351928710938,134.28836059570312,21.65740966796875,241.79373168945312,0.7201479077339172
619.4556274414062,-153.3193359375,34.10211181640625,425.8470153808594,0.7195504307746887
613.9783935546875,-102.85587310791016,31.7974853515625,393.728515625,0.6970483064651489
405.85614013671875,316.2317199707031,40.71044921875,210.41708374023438,0.6904930472373962
117.07371520996094,109.58039855957031,19.561965942382812,266.4625244140625,0.6863023638725281
237.58493041992188,266.9456481933594,26.341094970703125,193.70883178710938,0.6805481910705566
