632.2355346679688,67.36144256591797,10.6258544921875,314.8251953125,0.7437382936477661
458.4500732421875,267.8026123046875,18.93023681640625,287.2076416015625,0.7433891892433167
562.281005859375,365.63232421875,73.78619384765625,121.10440063476562,0.743024468421936
232.17384338378906,232.15512084960938,21.273910522460938,240.50875854492188,0.7209593057632446
628.7843627929688,115.44855499267578,17.43157958984375,269.30389404296875,0.7199315428733826
606.9476928710938,92.11399841308594,64.4444580078125,269.533203125,0.7189794182777405
632.053955078125,-173.8192138671875,15.539306640625,444.9220275878906,0.7187983989715576
614.987060546875,-97.41498565673828,48.72381591796875,424.45855712890625,0.708736777305603
387.7603454589844,275.5193176269531,37.77947998046875,28.7357177734375,0.7068721055984497
366.97222900390625,288.36199951171875,17.31866455078125,21.891571044921875,0.6931544542312622
