485.98284912109375,262.1578369140625,19.087371826171875,301.36822509765625,0.7694661617279053
632.4984741210938,66.22763061523438,10.09075927734375,313.8764953613281,0.7693765759468079
595.2892456054688,343.41998291015625,58.68359375,172.22406005859375,0.7455388903617859
593.7147827148438,354.2049560546875,46.21405029296875,151.53268432617188,0.7426259517669678
621.1038818359375,-137.8955841064453,37.5714111328125,424.2103271484375,0.7350991368293762
626.335693359375,121.20179748535156,20.18524169921875,246.51673889160156,0.715377151966095
587.4518432617188,-128.10299682617188,97.2264404296875,332.2183837890625,0.7138262987136841
214.5501708984375,253.20828247070312,25.131378173828125,211.48074340820312,0.701707661151886
624.8633422851562,-159.94140625,25.48040771484375,442.9884033203125,0.6949115991592407
13.041539192199707,181.5041961669922,14.023436546325684,150.67738342285156,0.6881659626960754
