633.3734741210938,103.00359344482422,11.4849853515625,294.5354919433594,0.8277931213378906
95.57282257080078,165.71652221679688,15.013198852539062,295.0510559082031,0.8190861940383911
508.4914855957031,128.1166534423828,11.552276611328125,351.955810546875,0.801071286201477
498.560791015625,127.0533218383789,7.6348876953125,403.4841003417969,0.791502058506012
617.7249755859375,91.56916809082031,8.31640625,371.1273193359375,0.7735402584075928
637.3038330078125,53.83940124511719,4.90203857421875,441.4505615234375,0.7716765403747559
635.0306396484375,89.89942169189453,4.755615234375,445.86962890625,0.7699876427650452
517.3095703125,224.10250854492188,12.90374755859375,354.6161804199219,0.7638205885887146
43.760704040527344,188.92005920410156,18.482913970947266,172.88365173339844,0.7584924101829529
634.4891967773438,81.269775390625,6.40435791015625,426.3388671875,0.7436130046844482
