540.2647094726562,119.15840148925781,6.802978515625,423.285400390625,0.8297900557518005
570.6980590820312,189.5354461669922,27.633056640625,96.56910705566406,0.8000465631484985
212.8920135498047,134.74847412109375,10.056961059570312,360.5195007324219,0.7884610891342163
64.10138702392578,179.77468872070312,25.09235382080078,73.55026245117188,0.7867937684059143
613.8536376953125,90.37114715576172,5.5587158203125,439.038330078125,0.7698357701301575
575.71875,204.0898895263672,11.3087158203125,401.43756103515625,0.7584673166275024
190.15103149414062,121.66722106933594,14.55267333984375,334.31640625,0.7580264806747437
637.25244140625,81.4181900024414,4.036376953125,455.4538269042969,0.7570210695266724
581.1228637695312,81.63018798828125,6.1884765625,434.52630615234375,0.756507933139801
55.976593017578125,167.54136657714844,24.053131103515625,100.92768859863281,0.7532120943069458
