163.12225341796875,192.53257751464844,15.405197143554688,29.288406372070312,0.8626887202262878
493.20330810546875,189.51107788085938,20.43829345703125,40.42033386230469,0.8563400506973267
161.2421875,144.42916870117188,10.786346435546875,339.9626770019531,0.8274403214454651
366.3272399902344,128.83120727539062,11.579437255859375,380.6305847167969,0.7946421504020691
405.7291259765625,144.70401000976562,16.324249267578125,309.8957824707031,0.7862451076507568
627.7442016601562,168.67465209960938,15.74920654296875,144.47003173828125,0.784655749797821
500.28448486328125,83.79878234863281,41.97100830078125,186.0526885986328,0.7842246294021606
60.319114685058594,192.80227661132812,16.857421875,36.379730224609375,0.7764447927474976
502.40863037109375,190.47682189941406,19.90911865234375,41.974090576171875,0.7614555954933167
564.7492065429688,185.29808044433594,17.61553955078125,62.8013916015625,0.7551683187484741
