433.8567810058594,179.35055541992188,18.214630126953125,38.518035888671875,0.8918635249137878
405.1171875,183.48963928222656,14.646148681640625,34.331756591796875,0.8325768709182739
239.1785430908203,187.8446502685547,12.740371704101562,27.7156982421875,0.8268633484840393
407.1778869628906,124.03144073486328,9.939666748046875,396.05975341796875,0.8111484050750732
149.93870544433594,134.9513702392578,11.633575439453125,348.9764404296875,0.8027220964431763
589.626220703125,101.14468383789062,7.499267578125,416.7407531738281,0.7985880970954895
631.549560546875,138.7685546875,12.7425537109375,211.1544189453125,0.7951927781105042
632.3218383789062,79.00129699707031,5.63995361328125,427.00030517578125,0.7814939022064209
635.65771484375,-156.9723358154297,7.192138671875,459.5609130859375,0.7760512232780457
554.8815307617188,186.22964477539062,9.40032958984375,405.8020935058594,0.7725456953048706
