182.7873077392578,178.64678955078125,16.608123779296875,34.959930419921875,0.8702842593193054
620.5147705078125,84.16700744628906,5.43194580078125,448.77197265625,0.8051050305366516
59.23086166381836,176.45127868652344,27.676013946533203,81.86073303222656,0.8022609949111938
400.4356689453125,120.61373138427734,9.94903564453125,388.7708435058594,0.8002701997756958
585.8759155273438,174.04994201660156,7.08453369140625,424.2061767578125,0.7953659892082214
533.48291015625,133.75279235839844,12.5521240234375,174.24964904785156,0.7879477739334106
117.05973815917969,131.97975158691406,11.691986083984375,342.00189208984375,0.783561646938324
634.05419921875,104.46470642089844,10.331787109375,303.6917724609375,0.7771591544151306
163.59681701660156,112.57039642333984,14.183929443359375,330.87115478515625,0.7747957110404968
205.52574157714844,180.16355895996094,17.245834350585938,32.482025146484375,0.7733157277107239
