561.1519775390625,104.04016876220703,10.194580078125,407.503173828125,0.8289076685905457
405.3402404785156,125.73360443115234,11.131439208984375,391.6291809082031,0.8104155659675598
112.6443862915039,188.30313110351562,30.127357482910156,43.312652587890625,0.8089579939842224
357.6529235839844,119.10787963867188,14.493194580078125,264.57623291015625,0.7996853590011597
107.49674987792969,137.4426727294922,11.815719604492188,330.5753173828125,0.7984330058097839
27.89035415649414,179.5713653564453,22.622447967529297,77.11836242675781,0.795666515827179
143.59527587890625,186.48709106445312,25.490386962890625,41.115966796875,0.7855861783027649
125.12742614746094,188.23268127441406,20.66168212890625,37.71649169921875,0.7713105082511902
554.964599609375,139.26959228515625,23.77313232421875,211.35086059570312,0.7695234417915344
455.91943359375,213.1711883544922,14.3948974609375,346.4404296875,0.7677177786827087
