574.2974853515625,177.1913604736328,20.43023681640625,43.83894348144531,0.8736103773117065
623.3594970703125,176.00405883789062,13.7369384765625,47.88453674316406,0.8436274528503418
609.748046875,176.53671264648438,17.0753173828125,43.01646423339844,0.8355889916419983
599.33447265625,179.58404541015625,18.3470458984375,47.120391845703125,0.8241718411445618
167.01702880859375,142.74957275390625,25.973007202148438,143.6151123046875,0.8035283088684082
590.4332885742188,89.87720489501953,6.96258544921875,420.3887634277344,0.7983912229537964
133.08993530273438,171.95330810546875,28.120330810546875,56.42433166503906,0.7913275957107544
422.44305419921875,112.4361572265625,9.508880615234375,402.13726806640625,0.787187397480011
127.45319366455078,177.82183837890625,23.894554138183594,39.22210693359375,0.7861048579216003
44.66664123535156,167.5893096923828,27.510414123535156,78.45045471191406,0.7856515049934387
