567.1727294921875,156.97463989257812,21.74713134765625,49.955413818359375,0.8829663991928101
495.06048583984375,114.75324249267578,6.9268798828125,403.07568359375,0.8136190176010132
627.2709350585938,147.0587615966797,11.78155517578125,62.931121826171875,0.8067215085029602
536.5238647460938,109.3046646118164,8.37890625,361.89996337890625,0.8047683238983154
586.736572265625,158.4689483642578,22.7784423828125,54.83464050292969,0.7987536787986755
153.20535278320312,110.09793090820312,13.085006713867188,308.44024658203125,0.7941910624504089
186.92970275878906,138.5194091796875,9.821517944335938,337.1134033203125,0.7822733521461487
576.156494140625,190.50912475585938,7.38189697265625,392.6897277832031,0.7653523087501526
567.574951171875,-33.43259811401367,17.31390380859375,335.8388366699219,0.7499771118164062
552.9052124023438,158.57032775878906,19.87939453125,46.45356750488281,0.7442247867584229
