533.6834106445312,157.02542114257812,21.12615966796875,45.070465087890625,0.8278682827949524
577.4815673828125,110.8816909790039,5.4991455078125,437.6551818847656,0.8183123469352722
383.6044006347656,69.21761322021484,18.414215087890625,241.62741088867188,0.808138906955719
205.46017456054688,96.40599060058594,12.53759765625,350.242919921875,0.7886195778846741
603.920654296875,159.89288330078125,22.09490966796875,50.668914794921875,0.7879948616027832
622.9819946289062,86.78761291503906,4.55303955078125,439.3165283203125,0.7700035572052002
587.7125244140625,49.19182586669922,5.95294189453125,419.1412353515625,0.7622355222702026
265.8181457519531,137.07376098632812,8.842010498046875,362.8122863769531,0.7615131735801697
619.5286865234375,157.53158569335938,16.09503173828125,49.784881591796875,0.7540150284767151
204.14700317382812,154.12716674804688,26.1295166015625,76.99209594726562,0.7499906420707703
