555.698974609375,113.67045593261719,5.8392333984375,424.6358642578125,0.8451706767082214
633.2630004882812,58.68832015991211,5.21759033203125,436.2500915527344,0.827454149723053
61.26929473876953,166.6792755126953,21.07183074951172,51.20399475097656,0.8222474455833435
173.97622680664062,115.4630355834961,13.176727294921875,318.07427978515625,0.8102560043334961
240.76271057128906,140.22137451171875,8.893585205078125,351.8191833496094,0.7942951917648315
568.46337890625,78.35913848876953,5.8837890625,421.2991943359375,0.7758814692497253
625.1043090820312,83.02497100830078,4.5374755859375,441.9720458984375,0.7734366655349731
45.06859588623047,168.67796325683594,21.67400360107422,34.99247741699219,0.7732027173042297
628.5003662109375,53.29456329345703,6.92681884765625,389.94793701171875,0.7712171673774719
65.46307373046875,170.69281005859375,16.784194946289062,28.99822998046875,0.7680420875549316
