436.65496826171875,164.62722778320312,18.061981201171875,43.385284423828125,0.9077922701835632
461.35296630859375,166.7899932861328,20.315093994140625,45.2957763671875,0.8860853314399719
448.4344482421875,166.404541015625,21.88775634765625,48.778289794921875,0.8488870859146118
535.6357421875,115.31331634521484,6.52392578125,418.5935974121094,0.8221589922904968
403.2521057128906,162.51226806640625,18.415069580078125,39.40602111816406,0.8090706467628479
635.130126953125,63.40687561035156,3.8642578125,450.98321533203125,0.8042285442352295
609.6688232421875,90.83870697021484,5.49249267578125,419.86932373046875,0.8037070035934448
93.53125762939453,166.5735626220703,15.279159545898438,31.582595825195312,0.8021889925003052
633.9179077148438,52.85366439819336,4.73138427734375,434.3357849121094,0.8011167645454407
100.34827423095703,166.14813232421875,15.644912719726562,32.0045166015625,0.7960172891616821
