449.442138671875,158.4683380126953,15.054931640625,37.884521484375,0.8186147212982178
625.4459228515625,86.5206069946289,4.04571533203125,444.2251281738281,0.8034600019454956
249.70716857910156,103.87870788574219,22.532241821289062,172.68251037597656,0.8029033541679382
452.82464599609375,154.3343963623047,21.20147705078125,45.98468017578125,0.7981101870536804
569.0859375,49.40109634399414,6.71978759765625,409.3769836425781,0.7911064624786377
601.5701293945312,128.54774475097656,4.58221435546875,431.12322998046875,0.7835243940353394
293.234619140625,98.25328063964844,9.83648681640625,359.5986328125,0.7816173434257507
633.0474243164062,38.735862731933594,5.1064453125,424.7214050292969,0.7666163444519043
635.87939453125,45.384578704833984,3.8162841796875,447.4130554199219,0.7538164258003235
112.50939178466797,156.8636474609375,19.275062561035156,34.13932800292969,0.7470102310180664
