168.6497802734375,155.0356903076172,15.029342651367188,28.637237548828125,0.845268189907074
624.9681396484375,144.18905639648438,13.5811767578125,69.40814208984375,0.8371431231498718
593.0762329101562,151.66937255859375,23.78826904296875,62.19898986816406,0.8364467024803162
583.3861694335938,116.07350158691406,5.47698974609375,435.91156005859375,0.8035032749176025
115.67375946044922,150.00669860839844,15.696281433105469,34.84297180175781,0.7780589461326599
472.5876159667969,103.45169830322266,7.544403076171875,388.4143371582031,0.7686383128166199
590.10986328125,46.62557601928711,5.6107177734375,419.8988952636719,0.7661888003349304
221.4224853515625,98.02210998535156,12.220489501953125,352.79620361328125,0.763914167881012
620.910400390625,-66.92645263671875,14.066162109375,375.55340576171875,0.758415937423706
623.2952270507812,93.28038024902344,4.31536865234375,430.1534423828125,0.7547481060028076
