508.0374755859375,113.75916290283203,7.39715576171875,417.50946044921875,0.8003933429718018
53.998207092285156,160.5412139892578,23.637725830078125,59.53044128417969,0.7979097366333008
633.9861450195312,34.147422790527344,6.005859375,423.3599853515625,0.7913765907287598
635.2283935546875,54.245826721191406,4.48150634765625,451.2754211425781,0.7855215072631836
210.0051727294922,144.3010711669922,9.231979370117188,336.77740478515625,0.7823942303657532
10.506609916687012,162.740478515625,23.454627990722656,48.00675964355469,0.7813294529914856
222.8631591796875,160.84768676757812,14.019241333007812,27.735122680664062,0.7801691293716431
596.7653198242188,97.19149780273438,5.81732177734375,404.7540283203125,0.7779331803321838
99.16317749023438,102.31851959228516,16.433433532714844,319.5308532714844,0.7713683247566223
18.896976470947266,161.64178466796875,21.38531494140625,41.337921142578125,0.7646809220314026
