107.9947280883789,174.0546112060547,17.12908172607422,28.27374267578125,0.8494749665260315
537.6575927734375,156.80592346191406,24.6060791015625,58.58491516113281,0.8345968723297119
225.92330932617188,178.0319061279297,13.148269653320312,26.239959716796875,0.8257092237472534
327.1765441894531,152.14768981933594,8.736572265625,362.77117919921875,0.8149323463439941
599.3363037109375,128.90255737304688,5.08935546875,436.6692810058594,0.8127205967903137
176.3917236328125,130.75791931152344,15.62896728515625,307.71783447265625,0.8078272938728333
229.89007568359375,179.6251678466797,12.281951904296875,24.542083740234375,0.7933900356292725
630.2950439453125,131.9630889892578,13.0467529296875,186.52024841308594,0.7892725467681885
477.87884521484375,66.44281005859375,10.89453125,362.5086364746094,0.7756215333938599
523.2946166992188,164.71885681152344,23.22686767578125,48.988494873046875,0.7740403413772583
