209.31198120117188,182.08221435546875,12.297134399414062,28.478012084960938,0.9515470862388611
204.57589721679688,137.65394592285156,13.064041137695312,348.1551513671875,0.8408656120300293
500.8116455078125,103.05530548095703,17.921142578125,374.30047607421875,0.8154993653297424
623.8624877929688,81.77557373046875,8.0025634765625,395.9808044433594,0.8092895746231079
82.2293472290039,157.11788940429688,30.24394989013672,256.1454772949219,0.8033822178840637
555.5408935546875,-48.31443786621094,18.63775634765625,354.42352294921875,0.797874927520752
477.571044921875,100.31348419189453,9.1043701171875,363.4566955566406,0.7952232956886292
450.76055908203125,179.77212524414062,19.307647705078125,62.05970764160156,0.7885939478874207
552.1016235351562,120.71997833251953,7.15386962890625,429.51068115234375,0.7867401242256165
637.339111328125,57.75144958496094,4.87884521484375,432.4398193359375,0.7852898240089417
