546.659423828125,172.0849151611328,18.2567138671875,43.2568359375,0.9751321077346802
529.9861450195312,176.23309326171875,17.252685546875,39.35528564453125,0.8373460173606873
518.1676635742188,114.42276763916016,7.7520751953125,424.5736389160156,0.802322268486023
600.7498779296875,96.03348541259766,5.9833984375,417.8659362792969,0.7978787422180176
222.43775939941406,134.26609802246094,9.375579833984375,356.95355224609375,0.7717204093933105
136.2894287109375,111.80611419677734,16.720352172851562,327.94110107421875,0.764689028263092
561.9459838867188,76.52996063232422,6.35986328125,423.52484130859375,0.7600767016410828
504.14984130859375,172.82269287109375,20.7335205078125,39.327911376953125,0.7566307783126831
636.335205078125,75.91691589355469,4.9415283203125,452.1826171875,0.7530004382133484
554.9776611328125,170.967041015625,18.66912841796875,42.944122314453125,0.751751720905304
