522.9588012695312,173.54489135742188,34.29296875,86.41461181640625,0.8928430080413818
618.1235961914062,83.42440795898438,8.51416015625,373.63214111328125,0.8563035130500793
558.157470703125,107.83450317382812,5.76043701171875,430.4986877441406,0.8480562567710876
466.4084167480469,180.1910858154297,21.493072509765625,58.76312255859375,0.843451201915741
141.21484375,177.5469970703125,21.355987548828125,37.99224853515625,0.8427039384841919
121.14805603027344,178.11802673339844,21.712722778320312,38.83647155761719,0.8238163590431213
573.22314453125,188.07803344726562,9.973388671875,411.1315612792969,0.8200523853302002
588.939697265625,94.712646484375,7.71075439453125,424.6109619140625,0.8187971711158752
633.6112670898438,71.36782836914062,4.5926513671875,449.4132385253906,0.8038800358772278
206.4488525390625,135.91815185546875,9.757171630859375,355.7540283203125,0.8012028336524963
