376.8371276855469,175.78460693359375,58.46044921875,47.14697265625,0.989280641078949
121.66205596923828,173.4373779296875,20.67064666748047,35.15428161621094,0.9318352937698364
475.4804992675781,167.71482849121094,25.025115966796875,75.82331848144531,0.86899334192276
138.32069396972656,171.75885009765625,18.543746948242188,32.51118469238281,0.8630662560462952
114.16169738769531,173.52218627929688,20.670486450195312,34.56596374511719,0.8574120402336121
592.8802490234375,100.35710144042969,11.478271484375,311.32373046875,0.8460940718650818
589.5311279296875,110.9116439819336,4.9219970703125,439.3158264160156,0.8361778259277344
585.828125,199.22024536132812,7.7750244140625,404.7767028808594,0.8197351694107056
127.8591079711914,170.46685791015625,20.111000061035156,36.16856384277344,0.818158745765686
606.3834228515625,90.77362060546875,5.85723876953125,428.5743408203125,0.8068718314170837
