383.47802734375,178.5692138671875,36.41552734375,38.64918518066406,0.9749587178230286
521.2726440429688,160.16087341308594,29.8948974609375,96.74473571777344,0.9679986834526062
591.917236328125,107.51406860351562,16.73797607421875,336.00958251953125,0.8884150981903076
511.7911376953125,168.12918090820312,27.81298828125,88.38272094726562,0.8796880841255188
623.52001953125,70.69487762451172,7.42108154296875,395.1521301269531,0.8545400500297546
540.3321533203125,107.74659729003906,44.55474853515625,337.4425048828125,0.8345240354537964
631.8590087890625,-52.569881439208984,15.7322998046875,410.20306396484375,0.8279236555099487
581.6976318359375,168.40399169921875,7.4002685546875,423.83697509765625,0.823509693145752
608.532958984375,85.3370590209961,6.118896484375,435.9577331542969,0.8232287764549255
501.9152526855469,172.7194366455078,27.673431396484375,80.24737548828125,0.8181189298629761
