434.90545654296875,177.896484375,28.05328369140625,86.24752807617188,0.980219304561615
409.2767333984375,164.8275909423828,147.09783935546875,94.17658996582031,0.9510154724121094
455.0071716308594,182.7952117919922,25.6976318359375,79.17689514160156,0.942379891872406
476.5408935546875,175.9690399169922,27.39886474609375,83.33567810058594,0.9369723796844482
506.0923767089844,182.83953857421875,26.322845458984375,69.37722778320312,0.9021704196929932
520.4918212890625,175.1525115966797,33.12457275390625,80.85289001464844,0.8852100372314453
317.1481018066406,190.1310272216797,36.610137939453125,34.64295959472656,0.8588481545448303
482.62139892578125,185.64871215820312,29.7623291015625,70.7320556640625,0.8365687727928162
575.6194458007812,113.03865814208984,6.35284423828125,442.3444519042969,0.8251304030418396
217.44949340820312,152.0051727294922,9.816970825195312,339.62872314453125,0.8161770105361938
