466.3331604003906,182.70944213867188,22.663482666015625,52.03706359863281,0.9976490139961243
456.2556457519531,190.91505432128906,15.581451416015625,40.25373840332031,0.9437854886054993
500.9220886230469,113.19328308105469,7.11029052734375,410.91876220703125,0.8413335084915161
497.79583740234375,176.02545166015625,20.31256103515625,52.34358215332031,0.8264424800872803
603.416259765625,95.08500671386719,6.5367431640625,429.66217041015625,0.8115735650062561
217.27418518066406,191.76123046875,19.86004638671875,43.11427307128906,0.7991016507148743
631.8958129882812,154.65841674804688,12.091552734375,169.96258544921875,0.796870231628418
624.9405517578125,93.60938262939453,8.631591796875,408.9211730957031,0.795852780342102
629.2444458007812,76.60649108886719,6.82403564453125,422.20458984375,0.7928510308265686
143.83384704589844,134.3565673828125,11.778823852539062,348.06756591796875,0.790389358997345
