534.5684204101562,168.4838104248047,32.02593994140625,75.98759460449219,0.9966482520103455
170.90655517578125,193.03762817382812,13.252151489257812,27.556686401367188,0.9035903215408325
626.8800048828125,36.98784637451172,22.11541748046875,269.51812744140625,0.8841288089752197
522.6766967773438,176.91195678710938,19.5084228515625,56.5484619140625,0.8608973622322083
513.7198486328125,182.16189575195312,18.0780029296875,52.20497131347656,0.8537105917930603
537.8482666015625,116.96076202392578,6.52618408203125,423.0111083984375,0.8286243081092834
578.12060546875,103.53076171875,7.66363525390625,405.269775390625,0.785578191280365
129.62088012695312,193.331298828125,15.478012084960938,28.0521240234375,0.7835608124732971
177.93325805664062,135.59181213378906,10.492584228515625,353.216796875,0.779120683670044
633.8416748046875,74.85820770263672,4.58087158203125,446.199951171875,0.7752814888954163
