567.5249633789062,156.9921417236328,31.06549072265625,79.56942749023438,0.9961521029472351
402.69586181640625,172.75912475585938,29.25946044921875,62.70777893066406,0.984563946723938
540.1573486328125,173.4027557373047,21.74896240234375,49.54673767089844,0.8795316815376282
436.9524841308594,180.71981811523438,21.68157958984375,54.387939453125,0.8774858117103577
635.0596923828125,78.97649383544922,8.30023193359375,395.1654357910156,0.8522331714630127
632.7146606445312,91.4388198852539,5.8782958984375,436.5466003417969,0.8410548567771912
150.855224609375,145.9746856689453,19.11407470703125,290.3758544921875,0.8403526544570923
558.0182495117188,187.75454711914062,9.89501953125,410.2991638183594,0.8370108604431152
440.36065673828125,165.9296112060547,20.883392333984375,133.7978973388672,0.830227255821228
616.283935546875,79.27299499511719,10.0,393.8062744140625,0.829978346824646
