482.19189453125,177.69932556152344,15.6427001953125,43.99446105957031,0.982115626335144
487.1920166015625,175.95187377929688,19.536651611328125,48.083770751953125,0.948095977306366
379.30548095703125,183.34071350097656,36.1776123046875,28.638275146484375,0.9178043603897095
477.6525573730469,183.43174743652344,15.657806396484375,42.5263671875,0.8872163891792297
229.62936401367188,189.69989013671875,21.122100830078125,44.35725402832031,0.8639031052589417
195.28799438476562,186.75067138671875,23.430740356445312,43.30552673339844,0.8617421984672546
627.61376953125,-14.501280784606934,23.728515625,365.61907958984375,0.8546435832977295
558.1024169921875,111.61354064941406,6.3092041015625,435.1800537109375,0.8360660672187805
253.35595703125,192.622802734375,19.875518798828125,39.15478515625,0.8019204139709473
603.1644287109375,95.14590454101562,6.56146240234375,430.4032287597656,0.8002124428749084
