343.93084716796875,156.7499542236328,42.33306884765625,99.54353332519531,0.9967814683914185
265.87127685546875,175.09963989257812,27.1810302734375,64.2850341796875,0.9037734270095825
191.23275756835938,180.8629150390625,16.281356811523438,33.8150634765625,0.8749818205833435
179.76568603515625,178.78187561035156,17.055816650390625,35.642974853515625,0.8537138104438782
546.5699462890625,167.77035522460938,10.10943603515625,408.4943542480469,0.8299441933631897
286.5939025878906,170.07025146484375,42.095977783203125,88.02883911132812,0.8241194486618042
505.23150634765625,100.14450073242188,11.47271728515625,381.9244689941406,0.8234390020370483
513.887451171875,174.12020874023438,20.16741943359375,46.12115478515625,0.8190239667892456
276.6492614746094,184.63478088378906,37.95025634765625,86.55656433105469,0.8141186833381653
326.34173583984375,163.99996948242188,37.429962158203125,90.45500183105469,0.8034490346908569
