567.9407348632812,156.78443908691406,22.88909912109375,52.948699951171875,0.9764102697372437
401.0660095214844,165.3038330078125,18.56072998046875,386.86236572265625,0.8666707277297974
164.14309692382812,169.97950744628906,20.9283447265625,58.560455322265625,0.8304814696311951
633.5228881835938,86.50296020507812,6.072998046875,421.02105712890625,0.8243846297264099
627.3480834960938,84.83985900878906,5.971435546875,425.23651123046875,0.8172333836555481
2.0393967628479004,164.07086181640625,59.063575744628906,142.1722412109375,0.8137235045433044
457.70172119140625,165.17886352539062,12.13348388671875,112.81289672851562,0.8088095784187317
251.6948699951172,170.8961181640625,20.606124877929688,53.45243835449219,0.8047829270362854
172.93516540527344,93.09825897216797,28.42303466796875,310.6328125,0.8010357618331909
71.89665222167969,176.43202209472656,23.685508728027344,44.165985107421875,0.787232518196106
