164.38331604003906,183.2928466796875,25.60272216796875,60.1815185546875,0.9877492785453796
147.1348876953125,183.1622772216797,25.682769775390625,63.338287353515625,0.9771913290023804
272.37957763671875,181.24234008789062,27.4034423828125,61.50349426269531,0.9379764795303345
120.00778198242188,185.5376434326172,23.865997314453125,59.604217529296875,0.9367323517799377
171.0952606201172,143.06576538085938,22.991867065429688,201.50006103515625,0.8784101009368896
42.295127868652344,181.97763061523438,26.349441528320312,59.45304870605469,0.8676537275314331
560.030029296875,97.60237121582031,9.09381103515625,407.1424560546875,0.867475152015686
508.196533203125,169.38323974609375,24.6820068359375,57.90409851074219,0.8635154366493225
409.0238952636719,182.61279296875,20.853118896484375,46.19537353515625,0.8612738847732544
100.5672836303711,181.7965087890625,22.89714813232422,65.41764831542969,0.8596612215042114
