516.3094482421875,117.52539825439453,7.38531494140625,416.73724365234375,0.8225021958351135
618.9786376953125,89.02045440673828,5.44708251953125,442.42352294921875,0.7941510677337646
133.437744140625,137.5940399169922,11.023712158203125,341.578125,0.7900428175926208
628.437744140625,160.4951171875,10.93902587890625,89.24766540527344,0.777978777885437
183.9692840576172,120.29986572265625,13.887680053710938,324.4438781738281,0.7755858898162842
557.751708984375,197.64279174804688,8.66302490234375,386.1761779785156,0.7670921087265015
563.8728637695312,86.40834045410156,6.58441162109375,419.6051025390625,0.7588694095611572
630.33447265625,57.98579788208008,11.05035400390625,379.60943603515625,0.7535377144813538
74.37039184570312,155.4132843017578,20.81501007080078,120.94606018066406,0.7409667372703552
577.9577026367188,174.99493408203125,23.05950927734375,61.59040832519531,0.7388467788696289
