628.3455810546875,4.713578224182129,21.1580810546875,291.29315185546875,0.8728723526000977
429.8245544433594,178.8777313232422,19.415740966796875,51.524200439453125,0.8425546288490295
565.793212890625,22.495357513427734,32.0985107421875,238.65325927734375,0.8285475969314575
155.63333129882812,146.20188903808594,10.681060791015625,333.57330322265625,0.8272572159767151
614.4055786132812,95.58419036865234,10.3782958984375,369.6540832519531,0.8202995657920837
532.0889892578125,95.07514190673828,7.9852294921875,407.2521667480469,0.8188631534576416
632.850341796875,197.98037719726562,7.6282958984375,420.0124206542969,0.8125423789024353
418.23455810546875,134.83245849609375,11.66864013671875,390.1943359375,0.8061627745628357
509.6584777832031,180.40740966796875,18.543609619140625,43.251800537109375,0.8001648187637329
619.5665893554688,-80.40065002441406,23.10516357421875,350.6243896484375,0.7979167103767395
