551.38037109375,178.64862060546875,20.01727294921875,49.394500732421875,0.93918377161026
557.6926879882812,126.84149169921875,7.4072265625,422.68939208984375,0.8864409327507019
125.06571960449219,190.9975128173828,15.400222778320312,28.51690673828125,0.8539654016494751
629.5343627929688,-3.0890321731567383,19.65740966796875,348.2349853515625,0.8478116393089294
525.4781494140625,171.61764526367188,35.703369140625,67.093994140625,0.8269683122634888
549.5801391601562,176.63516235351562,18.8094482421875,45.61650085449219,0.8249239325523376
629.8829345703125,94.35692596435547,5.5977783203125,424.80303955078125,0.8176199197769165
341.6371154785156,272.5731506347656,23.916107177734375,260.1919250488281,0.8123407363891602
628.6327514648438,51.94371795654297,13.87188720703125,389.087890625,0.8118709325790405
636.3614501953125,54.374900817871094,6.4742431640625,415.5960693359375,0.8114462494850159
