565.1693115234375,112.70391845703125,9.279541015625,392.2786560058594,0.822001576423645
80.46298217773438,191.53414916992188,16.679649353027344,33.12042236328125,0.8194766640663147
435.06512451171875,127.38424682617188,9.43914794921875,392.0964050292969,0.8131247758865356
168.40771484375,138.522705078125,11.091873168945312,341.78570556640625,0.8057548403739929
636.5737915039062,87.63845825195312,4.040283203125,454.1430969238281,0.7955804467201233
85.03201293945312,191.08084106445312,16.691322326660156,32.828582763671875,0.7909902930259705
74.94969177246094,190.4610137939453,17.13324737548828,33.25025939941406,0.7905666828155518
632.3588256835938,73.68677520751953,6.46832275390625,439.12310791015625,0.7833454012870789
635.6002807617188,61.951873779296875,8.249267578125,385.708984375,0.7817890048027039
490.3262023925781,235.8482666015625,15.023101806640625,326.338134765625,0.776785135269165
