206.9539031982422,181.86659240722656,13.804672241210938,27.172988891601562,0.9104527831077576
382.23712158203125,131.50473022460938,10.66162109375,377.0397033691406,0.8388027548789978
146.35397338867188,138.7080535888672,11.854598999023438,338.868408203125,0.8331064581871033
489.1525573730469,128.98439025878906,12.061859130859375,344.1600341796875,0.8126955628395081
599.2718505859375,94.14340209960938,13.2156982421875,353.7379455566406,0.8050299286842346
462.1745300292969,25.97954750061035,25.95916748046875,247.2572021484375,0.790153443813324
199.59947204589844,185.6454620361328,14.553909301757812,27.750320434570312,0.7819804549217224
634.9429931640625,80.49736785888672,6.1990966796875,429.2090759277344,0.778907299041748
277.0660705566406,127.4215087890625,16.4140625,301.2318115234375,0.7767049074172974
614.527099609375,124.49898529052734,17.6427001953125,223.4859619140625,0.7576467990875244
