58.624271392822266,152.6175079345703,100.31022644042969,47.667877197265625,0.8622473478317261
626.25341796875,59.314697265625,6.44610595703125,400.2315979003906,0.8424597978591919
84.48426055908203,159.81861877441406,19.461807250976562,44.33746337890625,0.8227640986442566
463.9708251953125,125.52201843261719,8.236175537109375,383.949462890625,0.8168242573738098
158.40542602539062,141.06239318847656,10.436752319335938,330.47198486328125,0.8094622492790222
637.131591796875,79.59385681152344,3.420654296875,456.3890380859375,0.8008570671081543
575.3302612304688,105.12333679199219,6.81292724609375,377.8896484375,0.797099232673645
605.9323120117188,86.72994995117188,8.94940185546875,376.40557861328125,0.79292893409729
551.5050659179688,219.51797485351562,11.54986572265625,347.2677917480469,0.7920341491699219
78.6292953491211,123.25601196289062,18.25244903564453,277.50567626953125,0.7848449349403381
