529.2008666992188,106.54295349121094,9.29730224609375,370.982666015625,0.8402237892150879
403.8465576171875,120.73672485351562,9.27069091796875,383.9759826660156,0.8309313058853149
129.79734802246094,165.43592834472656,19.100021362304688,38.20494079589844,0.8297335505485535
168.6331024169922,162.9750518798828,18.01318359375,36.78343200683594,0.8291101455688477
92.56918334960938,118.9323501586914,16.258575439453125,287.0387268066406,0.8158634305000305
456.5075378417969,93.97357177734375,9.569091796875,381.3587341308594,0.8148391246795654
553.7301025390625,197.17337036132812,8.38128662109375,379.9707336425781,0.8090853095054626
151.52098083496094,134.12203979492188,11.052963256835938,343.2911071777344,0.8070088624954224
636.4923706054688,89.82823944091797,3.99444580078125,453.0997314453125,0.8029381632804871
632.4803466796875,96.49337768554688,12.1424560546875,290.31658935546875,0.7998803853988647
