293.2582702636719,129.64935302734375,10.556243896484375,355.8907775878906,0.8479451537132263
500.50640869140625,176.9656524658203,17.32086181640625,48.40362548828125,0.8397183418273926
502.0489807128906,125.19601440429688,10.654144287109375,349.9086608886719,0.8386029005050659
519.302001953125,183.88217163085938,8.69482421875,391.8067321777344,0.8215267658233643
379.584716796875,112.42877197265625,12.634765625,358.1325988769531,0.8093938231468201
614.2951049804688,105.77609252929688,7.60272216796875,335.7743225097656,0.8073505759239197
80.51342010498047,140.74160766601562,14.081878662109375,318.8157043457031,0.8015868663787842
82.64839172363281,139.0212860107422,17.043701171875,264.96710205078125,0.7886143922805786
574.20556640625,23.707609176635742,28.7440185546875,281.9523010253906,0.7797184586524963
637.650390625,111.41173553466797,4.23797607421875,447.979248046875,0.7768577337265015
