604.56103515625,91.09014892578125,6.499267578125,432.917724609375,0.8233550190925598
426.13458251953125,121.95246124267578,9.866241455078125,398.9053955078125,0.8228923082351685
537.7509765625,182.2326202392578,22.17333984375,53.87532043457031,0.8114132881164551
422.915771484375,185.4340057373047,18.990936279296875,37.606842041015625,0.8026760220527649
136.75193786621094,135.67843627929688,11.8502197265625,347.7134704589844,0.7926831841468811
569.7279052734375,191.9116668701172,10.76910400390625,403.12982177734375,0.7896847128868103
519.5964965820312,90.26099395751953,8.321044921875,406.6865234375,0.7884817719459534
155.60757446289062,121.28893280029297,15.65081787109375,328.2135925292969,0.7732430100440979
164.41781616210938,193.3601531982422,24.551315307617188,47.84576416015625,0.7709757089614868
393.28302001953125,185.84010314941406,25.87127685546875,35.88948059082031,0.7672516703605652
