507.7142028808594,165.2821044921875,19.434967041015625,53.5543212890625,0.9773122072219849
527.177978515625,109.38310241699219,6.18206787109375,417.566650390625,0.8468174338340759
631.603515625,66.91287231445312,5.298583984375,420.6461181640625,0.83185213804245
463.4320068359375,169.30270385742188,18.205108642578125,46.314666748046875,0.8318306803703308
631.1531982421875,-38.93292999267578,16.93768310546875,375.67864990234375,0.8238531351089478
459.8736572265625,171.61891174316406,19.99212646484375,48.5238037109375,0.8079228401184082
631.3837890625,147.17715454101562,8.57672119140625,89.42236328125,0.8010163307189941
151.11859130859375,120.46685028076172,12.878204345703125,304.8404541015625,0.7983641028404236
571.5010986328125,181.6443634033203,8.215576171875,416.01654052734375,0.7964534759521484
562.8930053710938,104.41156005859375,7.725830078125,389.39471435546875,0.7964240312576294
