596.9853515625,163.89230346679688,38.14776611328125,113.36505126953125,0.9744601249694824
593.3482055664062,169.47848510742188,33.84637451171875,98.97821044921875,0.8711639046669006
562.5181274414062,173.44898986816406,7.98895263671875,421.14776611328125,0.8443893790245056
490.676513671875,182.74313354492188,22.53509521484375,56.46661376953125,0.830832302570343
463.7806701660156,117.93679809570312,8.826202392578125,411.7250061035156,0.8146344423294067
587.864501953125,181.34344482421875,24.4014892578125,60.612640380859375,0.7914621233940125
512.5379028320312,182.89013671875,21.70599365234375,59.3951416015625,0.791206955909729
623.9531860351562,161.4416046142578,16.26953125,124.68974304199219,0.7831920385360718
557.0928344726562,112.66312408447266,10.37799072265625,398.46051025390625,0.7825292348861694
636.5342407226562,91.03021240234375,3.98455810546875,456.28515625,0.7815859317779541
