550.4303588867188,170.29721069335938,36.97576904296875,97.03164672851562,0.9935833811759949
598.1373291015625,169.5068817138672,26.01165771484375,92.37437438964844,0.9769502878189087
623.922607421875,169.58790588378906,14.97216796875,92.48240661621094,0.8714390397071838
592.4907836914062,177.23255920410156,25.1898193359375,82.50993347167969,0.8566750884056091
571.0105590820312,177.27142333984375,27.5867919921875,79.9010009765625,0.8561660647392273
613.049072265625,31.20050048828125,49.5640869140625,295.2256164550781,0.8495194911956787
555.7262573242188,180.13319396972656,19.6422119140625,70.10704040527344,0.8401503562927246
627.4884643554688,75.6278076171875,6.52410888671875,410.853271484375,0.8302368521690369
436.2514953613281,119.42018127441406,9.33013916015625,401.39678955078125,0.8245096206665039
635.3514404296875,89.54061889648438,4.4002685546875,443.2777404785156,0.8228651285171509
