171.54010009765625,184.10791015625,15.47711181640625,28.890045166015625,0.8372833728790283
494.11456298828125,118.37438201904297,7.52685546875,406.73480224609375,0.8196389675140381
383.1793518066406,173.5956573486328,17.377471923828125,47.06468200683594,0.805419921875
376.3926696777344,177.86947631835938,19.030242919921875,43.14186096191406,0.794428288936615
172.49429321289062,141.6435089111328,10.737380981445312,339.6986083984375,0.7929445505142212
587.604248046875,100.33627319335938,6.94775390625,408.1877746582031,0.791893720626831
336.15008544921875,177.43043518066406,17.19329833984375,39.07313537597656,0.790494978427887
367.3107604980469,174.84658813476562,18.98284912109375,46.602569580078125,0.7890222072601318
558.803466796875,204.0502166748047,9.5098876953125,384.04290771484375,0.7709903717041016
634.0210571289062,66.4892578125,5.283935546875,439.4053955078125,0.7702115178108215
