137.27584838867188,183.75843811035156,17.18499755859375,35.720184326171875,0.9044154286384583
23.28823471069336,145.1413116455078,73.47512817382812,245.7026824951172,0.8991703391075134
377.6705322265625,179.19976806640625,20.86407470703125,46.48658752441406,0.8762812614440918
1.910766363143921,140.43930053710938,24.968305587768555,249.59967041015625,0.8509461879730225
48.128719329833984,114.685302734375,26.075679779052734,317.4329528808594,0.8425420522689819
30.058401107788086,123.17240142822266,44.86262512207031,275.27557373046875,0.8418407440185547
92.86701202392578,165.16632080078125,54.640281677246094,314.8395080566406,0.8400644659996033
388.7893981933594,175.29541015625,15.6988525390625,45.59397888183594,0.8352209329605103
34.99505615234375,163.76210021972656,28.456867218017578,68.35165405273438,0.8278931379318237
415.24420166015625,174.69039916992188,17.5177001953125,50.981536865234375,0.826636016368866
