477.9957275390625,120.36090087890625,8.535064697265625,407.248046875,0.8035550713539124
161.28765869140625,142.00897216796875,11.548263549804688,344.060791015625,0.7970972657203674
586.2572021484375,103.17861938476562,7.1964111328125,411.2205505371094,0.7696332931518555
577.7692260742188,187.6756134033203,7.91253662109375,412.26983642578125,0.7693894505500793
631.4580078125,171.24066162109375,8.42828369140625,99.30181884765625,0.76804119348526
600.6573486328125,195.7229766845703,23.7252197265625,55.998260498046875,0.7652110457420349
191.76278686523438,123.76016998291016,13.198394775390625,323.83258056640625,0.7477273941040039
634.169921875,74.30734252929688,4.907470703125,436.9872741699219,0.7407835721969604
556.4448852539062,90.16790008544922,7.1749267578125,417.0506591796875,0.7299466729164124
92.79791259765625,174.54928588867188,28.019309997558594,95.71206665039062,0.7150609493255615
