305.7062683105469,177.4098663330078,13.890625,28.439178466796875,0.9786809086799622
395.90203857421875,178.08071899414062,15.33905029296875,37.94810485839844,0.950566291809082
283.5727233886719,174.73587036132812,16.835205078125,33.61207580566406,0.8562444448471069
405.3938293457031,177.34861755371094,16.092926025390625,39.179931640625,0.8516078591346741
577.9483032226562,99.4755630493164,8.29473876953125,412.8530578613281,0.8452707529067993
14.806976318359375,184.2552490234375,36.13562774658203,77.53253173828125,0.8414798378944397
517.3311767578125,185.7804718017578,11.14044189453125,388.53912353515625,0.8347063660621643
211.04103088378906,184.96348571777344,27.656967163085938,66.071533203125,0.8203216791152954
412.366943359375,174.14572143554688,16.5518798828125,39.539154052734375,0.7973596453666687
392.0689392089844,181.20700073242188,15.563201904296875,34.94512939453125,0.7967770099639893
