471.8492431640625,173.00595092773438,22.864990234375,63.903350830078125,0.9800123572349548
485.1224365234375,163.01341247558594,23.207275390625,78.76528930664062,0.9661761522293091
467.4908447265625,177.679931640625,22.59954833984375,60.99078369140625,0.9335638284683228
495.93780517578125,187.19195556640625,19.26641845703125,54.75782775878906,0.9057574272155762
397.4108581542969,114.92967987060547,9.277496337890625,392.08111572265625,0.8591423034667969
492.8550720214844,173.52426147460938,27.142120361328125,67.72634887695312,0.8560307025909424
162.3025665283203,128.64942932128906,25.598724365234375,168.62864685058594,0.8508910536766052
632.9091796875,61.700836181640625,5.131103515625,435.4170227050781,0.8489655256271362
587.2604370117188,89.5604476928711,7.20672607421875,423.3013610839844,0.8316172361373901
444.7926330566406,172.97677612304688,15.216064453125,45.19563293457031,0.8301259875297546
