468.54376220703125,144.9040985107422,78.55181884765625,106.83522033691406,0.9617842435836792
448.80975341796875,151.44293212890625,54.02740478515625,104.18132019042969,0.921537458896637
555.3577270507812,114.25614166259766,6.16790771484375,430.2707824707031,0.8536329865455627
176.4842529296875,180.21824645996094,23.6517333984375,50.11573791503906,0.8448962569236755
176.97927856445312,110.0472183227539,12.60650634765625,334.1733703613281,0.831007719039917
113.71644592285156,151.59437561035156,23.193313598632812,109.51109313964844,0.8299849629402161
48.13362121582031,166.379638671875,25.704071044921875,78.0665283203125,0.8197298049926758
465.44891357421875,162.18350219726562,20.40399169921875,45.22846984863281,0.8176522254943848
626.7091064453125,135.43345642089844,13.84808349609375,177.7326202392578,0.8131664991378784
521.17236328125,163.6263427734375,29.17071533203125,82.54087829589844,0.812336802482605
