378.8164978027344,113.24662780761719,37.67706298828125,243.63462829589844,0.870903491973877
451.092529296875,139.84005737304688,25.75628662109375,235.15286254882812,0.8528035283088684
155.52691650390625,118.0153579711914,84.50299072265625,212.84759521484375,0.8492649793624878
630.16357421875,159.4827117919922,5.70916748046875,445.0006103515625,0.8492465615272522
433.3505859375,160.39959716796875,18.085723876953125,46.39216613769531,0.8397682309150696
605.7259521484375,94.97618103027344,10.07000732421875,392.18145751953125,0.8386886715888977
515.4664306640625,184.68736267089844,9.51153564453125,388.28167724609375,0.8362231850624084
546.2086181640625,108.84581756591797,9.198486328125,384.1927795410156,0.8246282339096069
161.56593322753906,143.95950317382812,33.91560363769531,79.93598937988281,0.8007698059082031
597.8142700195312,88.44513702392578,18.73980712890625,385.6437072753906,0.7977754473686218
