321.4615173339844,182.76800537109375,15.762939453125,349.6708984375,0.8817905187606812
626.1597290039062,73.36518096923828,6.47381591796875,403.45916748046875,0.849806547164917
52.05421829223633,135.14683532714844,56.14663314819336,240.8196258544922,0.8384576439857483
0.5808931589126587,115.21424102783203,18.248140335083008,245.42181396484375,0.8361586928367615
629.2853393554688,-92.22977447509766,12.90069580078125,409.4798889160156,0.808724045753479
579.1544799804688,145.05831909179688,17.56103515625,181.76971435546875,0.7982398867607117
220.43798828125,113.76921844482422,16.290130615234375,356.2033386230469,0.7724773287773132
633.416015625,71.47447204589844,4.83087158203125,448.73193359375,0.76898193359375
636.5189819335938,86.77214813232422,3.63641357421875,448.59197998046875,0.7659800052642822
598.3960571289062,150.92088317871094,40.34478759765625,113.89057922363281,0.7581741213798523
