556.11181640625,160.28036499023438,31.59405517578125,115.394775390625,0.8753852248191833
595.2426147460938,152.9691162109375,43.50262451171875,116.56658935546875,0.8491532206535339
598.524658203125,102.04908752441406,7.18731689453125,426.15234375,0.8187873959541321
586.9796142578125,118.98561096191406,5.5543212890625,444.98480224609375,0.8173919320106506
634.849609375,71.60698699951172,4.41485595703125,442.01007080078125,0.8147388100624084
424.981201171875,165.14407348632812,19.92584228515625,51.98991394042969,0.7968002557754517
637.7073974609375,106.99921417236328,4.12744140625,454.56793212890625,0.7937323451042175
636.7987060546875,52.79010772705078,5.81976318359375,441.95263671875,0.793521523475647
165.10787963867188,194.93258666992188,22.136260986328125,42.50115966796875,0.7655500173568726
164.42857360839844,134.94390869140625,12.383575439453125,291.3348388671875,0.7637904286384583
