556.0138549804688,163.23538208007812,29.25628662109375,110.17626953125,0.8770211935043335
596.893798828125,152.8445281982422,41.4525146484375,114.33403015136719,0.8347664475440979
581.4761962890625,115.84054565429688,5.60565185546875,442.9747619628906,0.8277801871299744
599.9488525390625,96.89493560791016,6.8798828125,427.7328796386719,0.8260965347290039
637.6414184570312,106.07205200195312,4.218994140625,452.6593933105469,0.7981070876121521
99.27249908447266,183.16419982910156,24.56390380859375,79.64640808105469,0.7830990552902222
624.1399536132812,154.40211486816406,15.6922607421875,120.57307434082031,0.7818816900253296
433.7975769042969,162.17881774902344,20.75048828125,53.41667175292969,0.7773458361625671
176.85885620117188,124.94075775146484,12.2608642578125,306.3255310058594,0.7723891735076904
199.62255859375,138.02423095703125,10.696060180664062,358.7668151855469,0.7711518406867981
