558.295166015625,164.3270721435547,32.1328125,116.14924621582031,0.9369202852249146
597.0660400390625,159.52984619140625,40.3565673828125,117.15200805664062,0.8390219211578369
557.7808837890625,167.6151885986328,26.55029296875,99.01341247558594,0.8332626223564148
606.9909057617188,98.20740509033203,6.52825927734375,435.20574951171875,0.8321995139122009
636.4755249023438,56.74040985107422,6.247802734375,434.07928466796875,0.8251765966415405
634.3294677734375,71.6504135131836,4.5972900390625,439.3807067871094,0.8124682307243347
588.4777221679688,118.20423889160156,5.54290771484375,447.36968994140625,0.8068212270736694
424.5843811035156,172.52268981933594,18.246917724609375,44.86238098144531,0.8046652674674988
179.94447326660156,194.39566040039062,23.205612182617188,46.67210388183594,0.7949837446212769
220.50369262695312,139.03097534179688,10.6260986328125,364.1916198730469,0.7888363003730774
