557.2523803710938,160.28260803222656,36.31591796875,132.7663116455078,0.9478424191474915
426.60198974609375,170.82643127441406,16.909088134765625,45.60496520996094,0.8647704720497131
597.7056884765625,102.08056640625,7.09075927734375,423.181396484375,0.8186705708503723
636.5133056640625,55.40735626220703,6.1495361328125,431.3226318359375,0.814041793346405
637.4317016601562,104.46700286865234,4.49786376953125,450.0735778808594,0.8055959939956665
597.98583984375,154.6955108642578,40.13031005859375,122.27922058105469,0.8034413456916809
556.6110229492188,165.6956329345703,28.42425537109375,109.90653991699219,0.7969198822975159
573.434814453125,118.8554458618164,5.9329833984375,439.1250305175781,0.795433521270752
210.7621612548828,147.00613403320312,10.66986083984375,352.4828186035156,0.7808680534362793
564.3998413085938,214.4154510498047,8.66448974609375,374.26470947265625,0.7740048170089722
