557.275634765625,165.71376037597656,28.8226318359375,108.67225646972656,0.8312732577323914
636.6648559570312,54.7054328918457,5.96954345703125,435.703369140625,0.8188832998275757
598.81201171875,98.80130767822266,6.8994140625,426.8235168457031,0.8111210465431213
191.0126495361328,193.73812866210938,22.760665893554688,49.681854248046875,0.7986957430839539
585.1743774414062,117.396728515625,5.58709716796875,444.80938720703125,0.7964922189712524
620.3170166015625,80.77298736572266,15.41192626953125,322.2354736328125,0.7748351693153381
194.3004608154297,130.98495483398438,11.736953735351562,308.4387512207031,0.7704220414161682
587.1611328125,199.54698181152344,7.4462890625,398.72930908203125,0.7703185677528381
200.48434448242188,139.52627563476562,11.045379638671875,359.80279541015625,0.770026683807373
597.3516845703125,156.65817260742188,39.0792236328125,118.29058837890625,0.763556957244873
