323.0903625488281,182.02459716796875,23.3978271484375,86.20660400390625,0.8111802339553833
572.7617797851562,113.55828094482422,5.9329833984375,439.88531494140625,0.8106160759925842
237.20994567871094,136.3903045654297,9.2451171875,365.7098388671875,0.800697386264801
637.37890625,49.28573989868164,4.85284423828125,447.7901611328125,0.793400764465332
637.7139282226562,108.33692932128906,4.10357666015625,452.94866943359375,0.7885155081748962
427.2947692871094,177.34896850585938,17.699188232421875,45.54388427734375,0.7694092988967896
582.5869750976562,103.42975616455078,6.92388916015625,408.3945007324219,0.7677307724952698
636.9329223632812,87.3896484375,3.560302734375,455.99505615234375,0.7607836723327637
632.500244140625,79.1600570678711,5.3885498046875,429.7485656738281,0.7602347135543823
589.8309326171875,83.00303649902344,5.8375244140625,435.2459716796875,0.7570037841796875
