607.0667724609375,100.18621826171875,6.46893310546875,435.74853515625,0.8127455711364746
629.0289916992188,82.25609588623047,6.52020263671875,421.45489501953125,0.8061558604240417
479.9935607910156,122.91830444335938,8.7677001953125,408.2425842285156,0.7998048663139343
166.44239807128906,141.74203491210938,11.0858154296875,343.1022644042969,0.7895604372024536
635.9158935546875,88.0135498046875,4.2525634765625,450.419677734375,0.7774186134338379
555.2028198242188,181.76272583007812,9.3284912109375,413.6977233886719,0.7703946232795715
629.5538940429688,125.69835662841797,12.4169921875,176.70278930664062,0.7645506262779236
333.556640625,183.2239532470703,25.46112060546875,101.50401306152344,0.7623862624168396
635.1976318359375,174.75364685058594,4.435302734375,454.389892578125,0.7619158625602722
553.0426025390625,95.1428451538086,7.43829345703125,414.86297607421875,0.7542674541473389
