489.67388916015625,119.05078125,8.430999755859375,414.57928466796875,0.8072513937950134
213.34051513671875,138.72967529296875,9.88421630859375,353.8347473144531,0.8002729415893555
581.5843505859375,101.28976440429688,7.29144287109375,406.3379211425781,0.7946963310241699
629.0130004882812,83.0232925415039,6.4815673828125,413.66436767578125,0.787367582321167
244.46336364746094,190.70323181152344,12.656661987304688,22.491302490234375,0.7544757723808289
551.1359252929688,88.8623275756836,7.22027587890625,415.2782897949219,0.7511917352676392
634.7725219726562,67.70903015136719,4.9005126953125,449.8656005859375,0.7450368404388428
155.69566345214844,126.05619812011719,15.468795776367188,312.846923828125,0.7433164119720459
529.5061645507812,195.37661743164062,10.277099609375,389.4934997558594,0.7399084568023682
65.98971557617188,178.837158203125,23.29930877685547,71.83560180664062,0.7334543466567993
