528.0719604492188,110.24763488769531,6.73919677734375,421.9759521484375,0.8265563249588013
598.087158203125,95.07499694824219,6.313720703125,417.2615966796875,0.8152775764465332
238.97361755371094,144.44619750976562,8.958999633789062,344.6474914550781,0.809785783290863
571.7464599609375,194.72691345214844,8.36773681640625,392.6273193359375,0.7940008640289307
633.6070556640625,66.37872314453125,4.5892333984375,449.38031005859375,0.784657895565033
136.5391845703125,111.96279907226562,15.240463256835938,316.36517333984375,0.7816258668899536
57.811946868896484,172.74444580078125,23.27438735961914,40.9923095703125,0.759539783000946
594.8206787109375,94.62528991699219,15.35870361328125,252.76548767089844,0.7592787742614746
54.23241424560547,174.91065979003906,25.53089141845703,58.734130859375,0.7544010877609253
201.68930053710938,165.24160766601562,14.584732055664062,26.4652099609375,0.7502057552337646
