620.9715576171875,61.274383544921875,33.64727783203125,203.59744262695312,0.8619818091392517
129.64295959472656,175.99754333496094,15.802001953125,31.775924682617188,0.8191311359405518
578.4508666992188,121.47986602783203,11.75396728515625,279.78436279296875,0.7942208051681519
562.337158203125,80.30636596679688,6.5028076171875,420.81622314453125,0.7903753519058228
112.68881225585938,135.9558868408203,13.46453857421875,340.3448486328125,0.7871969938278198
635.9765014648438,85.5716781616211,4.41949462890625,450.6989440917969,0.7843610644340515
630.9060668945312,93.27369689941406,12.26141357421875,305.6534423828125,0.7719267010688782
624.7939453125,89.08396911621094,6.619140625,417.602294921875,0.7698594331741333
43.824310302734375,181.81390380859375,15.837059020996094,28.831558227539062,0.7688753008842468
483.5265808105469,134.81190490722656,8.704742431640625,393.445068359375,0.7663519382476807
