623.1432495117188,169.03659057617188,13.80926513671875,55.49678039550781,0.8576045036315918
572.1798095703125,170.44012451171875,18.1070556640625,41.64100646972656,0.8555982112884521
584.3543090820312,173.84768676757812,18.91357421875,49.3309326171875,0.8481195569038391
472.38006591796875,162.61973571777344,20.75323486328125,48.83244323730469,0.8086320161819458
505.1359558105469,126.00175476074219,6.788116455078125,395.71588134765625,0.7896038889884949
569.5504150390625,114.73029327392578,7.4517822265625,373.6215515136719,0.7817775011062622
448.5194091796875,90.20174407958984,9.075531005859375,366.987548828125,0.7766736149787903
82.81634521484375,118.99034118652344,15.956817626953125,280.17919921875,0.7757185697555542
601.680419921875,166.46775817871094,21.774658203125,51.44645690917969,0.7749682068824768
630.741455078125,63.65326690673828,5.32537841796875,416.44561767578125,0.7720856666564941
