422.4017639160156,185.5829315185547,16.050872802734375,39.627105712890625,0.8176537156105042
88.33250427246094,144.831787109375,15.077133178710938,321.1501770019531,0.8150907754898071
595.6495361328125,97.021240234375,6.72027587890625,419.016845703125,0.8017023801803589
372.4351501464844,127.17926788330078,10.67718505859375,382.5506591796875,0.801526665687561
629.8489990234375,165.44192504882812,14.34197998046875,154.33197021484375,0.7855514883995056
592.2162475585938,179.4667510986328,7.9884033203125,423.25689697265625,0.7828246355056763
103.21847534179688,143.294189453125,17.1575927734375,272.1124572753906,0.7724224925041199
632.8392944335938,75.42890930175781,5.45062255859375,434.5125732421875,0.7658094167709351
635.723876953125,80.0189208984375,5.35589599609375,434.408447265625,0.7613649368286133
437.56011962890625,106.82730865478516,11.49346923828125,369.3524475097656,0.7479437589645386
