627.8203125,-34.47076416015625,23.5760498046875,380.19879150390625,0.831378698348999
511.2110595703125,183.2246856689453,24.61865234375,66.82646179199219,0.8267190456390381
501.1694641113281,186.18638610839844,28.476287841796875,67.20271301269531,0.8119724988937378
176.1502227783203,137.6119384765625,10.46826171875,353.9078063964844,0.8027017116546631
65.15008544921875,186.01046752929688,25.748550415039062,76.16110229492188,0.7947380542755127
590.1395263671875,102.22899627685547,6.97772216796875,412.45355224609375,0.78598552942276
161.57044982910156,197.6861572265625,19.926803588867188,36.24821472167969,0.7815836668014526
175.41873168945312,121.7544937133789,13.383026123046875,326.767578125,0.7766157984733582
519.1464233398438,182.1707000732422,25.6375732421875,67.10379028320312,0.7747628688812256
636.1085205078125,80.4797592163086,5.38836669921875,444.1839904785156,0.7692121863365173
