146.82005310058594,184.95787048339844,20.23065185546875,35.73626708984375,0.9137027263641357
584.2716674804688,96.64518737792969,7.0704345703125,411.28369140625,0.817089319229126
472.7916259765625,114.15292358398438,8.202362060546875,408.3957824707031,0.8080683350563049
150.8741912841797,183.0894012451172,18.51605224609375,36.52044677734375,0.803516685962677
174.111328125,135.19656372070312,10.792816162109375,349.0494689941406,0.8023679852485657
132.38832092285156,186.474365234375,21.294403076171875,36.47343444824219,0.7944892644882202
551.7182006835938,177.2214813232422,8.6693115234375,410.9830322265625,0.79364413022995
184.07217407226562,182.7036895751953,17.796707153320312,33.35546875,0.7935121655464172
139.8087615966797,182.53717041015625,19.821884155273438,38.83103942871094,0.7857263684272766
26.499427795410156,181.05740356445312,26.93844985961914,64.23722839355469,0.7774935364723206
