634.3993530273438,84.72551727294922,9.8212890625,342.4939270019531,0.8168253302574158
453.68121337890625,116.25879669189453,8.3590087890625,398.44873046875,0.7907624840736389
607.2363891601562,86.60414123535156,5.7254638671875,430.62744140625,0.7901743650436401
152.67575073242188,113.13584899902344,13.622833251953125,319.363525390625,0.7772639393806458
184.9236297607422,130.95916748046875,10.364181518554688,353.69183349609375,0.7761304974555969
581.6012573242188,177.91683959960938,7.2171630859375,411.9629211425781,0.7706775069236755
115.31749725341797,149.46109008789062,28.436622619628906,131.99874877929688,0.7676671743392944
529.2003173828125,88.94810485839844,7.40155029296875,400.970458984375,0.7623286247253418
636.8895874023438,84.16400146484375,3.55810546875,455.0531005859375,0.7496361136436462
170.3512725830078,172.5593719482422,29.6209716796875,55.50675964355469,0.7351058125495911
