595.4403076171875,88.91600036621094,7.136962890625,431.9735107421875,0.832560122013092
598.0140991210938,169.0997314453125,7.49383544921875,434.1226806640625,0.82734215259552
195.43081665039062,184.22708129882812,26.577407836914062,53.59648132324219,0.8220411539077759
632.471435546875,67.75311279296875,6.07220458984375,445.0362548828125,0.8090211153030396
456.5425109863281,118.88356018066406,9.471343994140625,410.3365478515625,0.8018505573272705
169.44735717773438,135.20330810546875,10.646865844726562,345.1632995605469,0.7902945876121521
635.4640502929688,64.99058532714844,3.9970703125,447.27490234375,0.7819438576698303
25.187681198120117,180.17369079589844,24.18620491027832,51.867919921875,0.7794291973114014
237.8820037841797,153.1827392578125,27.527114868164062,125.60748291015625,0.7777647972106934
308.57952880859375,148.24368286132812,24.09600830078125,130.5003662109375,0.7770925760269165
