169.35855102539062,139.72227478027344,11.02325439453125,343.70556640625,0.8129681944847107
474.3101501464844,120.01673889160156,8.09234619140625,402.88214111328125,0.8117345571517944
582.8663940429688,103.13101196289062,7.65093994140625,407.90838623046875,0.7993994355201721
533.4076538085938,213.95767211914062,11.82232666015625,372.7553405761719,0.7767938375473022
19.562366485595703,183.29446411132812,22.485599517822266,50.67250061035156,0.7556363940238953
632.058837890625,70.8136215209961,5.83099365234375,429.0907287597656,0.7506633996963501
630.7083740234375,141.31900024414062,14.5279541015625,226.26788330078125,0.7465952634811401
550.96337890625,87.99803924560547,7.21142578125,414.8374328613281,0.7408546209335327
131.5150146484375,128.03610229492188,16.0040283203125,301.2297668457031,0.729612410068512
637.8629150390625,45.70726013183594,4.035888671875,450.68511962890625,0.724057674407959
