155.43251037597656,191.4781494140625,13.37005615234375,27.032150268554688,0.988654613494873
159.8373565673828,190.7922821044922,13.851699829101562,27.892059326171875,0.8206372261047363
306.4518737792969,124.65140533447266,9.008453369140625,386.4544372558594,0.7977550625801086
588.7318115234375,94.45220947265625,6.89306640625,416.79736328125,0.7882573008537292
512.93505859375,117.60919952392578,8.35009765625,422.8682861328125,0.7839921116828918
637.3763427734375,55.84115982055664,4.80908203125,442.1369323730469,0.7693287134170532
586.1910400390625,76.72107696533203,6.01910400390625,438.07843017578125,0.7601986527442932
599.7099609375,186.75265502929688,7.580810546875,425.5353698730469,0.7566657662391663
147.64865112304688,188.2057647705078,14.046005249023438,29.016189575195312,0.7559940814971924
36.32635498046875,176.68055725097656,24.569942474365234,76.24494934082031,0.7419888973236084
