532.583984375,103.1612777709961,10.27294921875,378.4236145019531,0.8748540282249451
166.45379638671875,115.75983428955078,14.395645141601562,315.9740295410156,0.8677732944488525
183.89053344726562,132.04782104492188,10.415618896484375,349.41668701171875,0.8626450300216675
475.96044921875,165.18701171875,16.04638671875,34.75773620605469,0.8493886590003967
596.0439453125,175.82034301757812,6.5341796875,426.2537536621094,0.8472774624824524
571.2979736328125,118.49462890625,5.536376953125,426.450927734375,0.8469001650810242
174.0259552001953,174.89768981933594,23.367996215820312,44.319427490234375,0.8227730393409729
523.9052734375,151.69424438476562,21.600341796875,50.089935302734375,0.815873384475708
38.31648254394531,176.1774139404297,19.16391372680664,49.82861328125,0.815443217754364
637.5225830078125,23.206443786621094,4.474609375,428.5622863769531,0.8033318519592285
