542.3394775390625,198.84718322753906,17.1527099609375,33.71128845214844,0.9379948377609253
565.9395751953125,155.76287841796875,29.7811279296875,204.92254638671875,0.8463218808174133
589.3339233398438,183.30563354492188,6.8988037109375,418.2284851074219,0.837040901184082
380.8143310546875,140.06826782226562,11.271820068359375,368.49951171875,0.826671302318573
470.96923828125,168.78933715820312,42.66778564453125,133.14434814453125,0.8203158974647522
636.8990478515625,154.6147003173828,4.748779296875,454.34967041015625,0.8195235133171082
95.21865844726562,145.74267578125,12.595863342285156,320.40899658203125,0.8175680041313171
636.2589111328125,90.05025482177734,4.5455322265625,451.2292175292969,0.8111695051193237
631.7117919921875,96.64130401611328,6.092041015625,425.9649658203125,0.8051079511642456
599.8429565429688,200.97364807128906,19.7391357421875,46.7889404296875,0.8030518889427185
