547.7970581054688,197.99635314941406,17.9500732421875,33.30299377441406,0.8852778673171997
579.1621704101562,196.2876739501953,18.9627685546875,37.72230529785156,0.8418530821800232
439.12249755859375,123.3636474609375,9.038177490234375,396.75128173828125,0.8041208982467651
592.5811157226562,193.0799102783203,18.60943603515625,40.63999938964844,0.8034562468528748
624.9473876953125,85.0157699584961,6.83978271484375,387.28411865234375,0.7994058132171631
574.5699462890625,175.73077392578125,8.21368408203125,427.57269287109375,0.7890673279762268
141.3863983154297,134.91355895996094,12.543319702148438,356.05572509765625,0.7865765690803528
581.9876098632812,102.39894104003906,8.44012451171875,414.3203125,0.7647416591644287
392.5347900390625,186.7829132080078,41.8841552734375,90.24177551269531,0.7552435398101807
550.2921752929688,88.34841918945312,8.04998779296875,422.31201171875,0.7431397438049316
