592.610107421875,182.92376708984375,6.86920166015625,419.316650390625,0.8301753401756287
319.4292907714844,138.4308319091797,10.94122314453125,360.41436767578125,0.8269719481468201
629.5134887695312,102.906005859375,6.8424072265625,414.7347412109375,0.8044819831848145
562.3414916992188,110.88519287109375,9.3865966796875,400.5283203125,0.7916920781135559
60.235103607177734,152.34104919433594,14.345264434814453,308.67926025390625,0.7798140048980713
68.86316680908203,168.527587890625,17.767425537109375,231.1851806640625,0.7773857116699219
637.0043334960938,94.80204010009766,4.07562255859375,453.6014709472656,0.7714407444000244
631.6063232421875,91.05933380126953,5.184814453125,436.68475341796875,0.7652019262313843
633.5685424804688,87.85985565185547,7.164794921875,420.3295593261719,0.74635249376297
540.755859375,160.95266723632812,10.46124267578125,203.20364379882812,0.7458103895187378
