584.0560913085938,166.656982421875,6.94329833984375,428.4444580078125,0.8200287818908691
449.4287109375,122.75802612304688,8.603973388671875,398.6471862792969,0.8094900846481323
556.6654052734375,109.80950927734375,8.8946533203125,392.8504638671875,0.7992026209831238
102.1549301147461,142.09776306152344,12.719268798828125,333.80322265625,0.7793686985969543
636.5476684570312,90.4226303100586,3.9503173828125,452.4321594238281,0.7781617641448975
633.4583129882812,66.92284393310547,5.180908203125,440.0251159667969,0.7585549354553223
630.18994140625,82.89439392089844,6.5810546875,423.20245361328125,0.7580363750457764
550.0178833007812,92.14457702636719,7.78289794921875,417.783447265625,0.752047061920166
137.60179138183594,127.73281860351562,13.82257080078125,310.13958740234375,0.751465380191803
635.2566528320312,82.24021911621094,5.91680908203125,430.8973388671875,0.7510713338851929
