296.3400573730469,188.94924926757812,11.991943359375,23.730621337890625,0.8516672253608704
417.5326843261719,194.79513549804688,14.83428955078125,30.169631958007812,0.8265810012817383
593.9127807617188,95.16563415527344,7.32421875,424.66998291015625,0.8227710127830505
578.5598754882812,173.38099670410156,8.4818115234375,428.314453125,0.8117769360542297
487.0845031738281,116.74706268310547,8.75335693359375,417.8673095703125,0.8108845353126526
178.50650024414062,136.51126098632812,10.100906372070312,351.958740234375,0.8102529048919678
418.657470703125,191.26101684570312,16.59088134765625,33.06898498535156,0.8096264004707336
629.2772216796875,73.96172332763672,7.47332763671875,434.31890869140625,0.8087911009788513
170.60385131835938,178.90728759765625,17.223541259765625,39.7974853515625,0.7931036353111267
70.678955078125,193.8563690185547,24.31982421875,67.37593078613281,0.775377631187439
