576.953857421875,177.25119018554688,15.1796875,33.12266540527344,0.8665364384651184
543.9198608398438,179.25352478027344,16.03851318359375,30.375946044921875,0.8421630263328552
22.98783302307129,172.17906188964844,20.225435256958008,47.80455017089844,0.8209633231163025
30.736125946044922,173.4197540283203,20.455284118652344,46.669403076171875,0.8201520442962646
123.06949615478516,189.83187866210938,23.44690704345703,41.14302062988281,0.819539487361908
451.25384521484375,118.60885620117188,8.61724853515625,402.9717712402344,0.8111628890037537
238.01939392089844,187.22073364257812,15.7677001953125,31.790054321289062,0.8081605434417725
242.9078369140625,188.72299194335938,14.853729248046875,31.038055419921875,0.8068253993988037
588.1271362304688,92.30873107910156,7.3529052734375,415.85906982421875,0.8027237057685852
124.59706115722656,135.09329223632812,11.287979125976562,336.5697021484375,0.7962092757225037
