117.30591583251953,191.03514099121094,13.423774719238281,28.300827026367188,0.8763470649719238
615.762451171875,89.97297668457031,5.7427978515625,442.89532470703125,0.839236855506897
567.4840087890625,110.32990264892578,6.06591796875,438.4002685546875,0.8341467976570129
136.80516052246094,190.53955078125,12.027557373046875,27.484466552734375,0.8206697702407837
83.43514251708984,188.2884979248047,27.19074249267578,68.69987487792969,0.8192287087440491
227.9623260498047,129.1985321044922,9.836074829101562,365.2811279296875,0.7985624074935913
17.526775360107422,190.11819458007812,24.065364837646484,40.3865966796875,0.7980847358703613
339.7964172363281,101.68975067138672,10.7659912109375,383.4869689941406,0.7951005101203918
591.7799682617188,189.67173767089844,8.00048828125,417.21868896484375,0.7858164310455322
104.08402252197266,189.78921508789062,16.389678955078125,31.77764892578125,0.78461754322052
