280.0531311035156,182.54782104492188,11.925262451171875,27.010574340820312,0.8718826770782471
260.9672546386719,182.91885375976562,13.970245361328125,27.169113159179688,0.8610960841178894
284.48663330078125,181.03443908691406,11.592803955078125,26.503143310546875,0.8557854294776917
636.453857421875,58.50543212890625,6.782470703125,409.232666015625,0.8480448126792908
258.87164306640625,183.41937255859375,13.488555908203125,27.42230224609375,0.8215211033821106
29.92649269104004,180.31341552734375,25.2146053314209,46.71783447265625,0.8167174458503723
11.836767196655273,178.9039306640625,24.990087509155273,45.36863708496094,0.815064013004303
363.2528381347656,124.58082580566406,10.285400390625,381.212646484375,0.8078887462615967
276.13848876953125,183.39923095703125,12.2899169921875,28.079421997070312,0.8065008521080017
591.24609375,95.28064727783203,6.48004150390625,410.2408447265625,0.8010696768760681
