517.6328125,182.44338989257812,16.64508056640625,35.06752014160156,0.990664005279541
493.5778503417969,184.4181671142578,14.783782958984375,28.126937866210938,0.8780087232589722
510.58447265625,188.09768676757812,16.89727783203125,34.578521728515625,0.8730064630508423
578.567138671875,112.89998626708984,5.259765625,438.6137390136719,0.833257257938385
633.7211303710938,69.50253295898438,4.480224609375,428.3640441894531,0.8217242956161499
607.5855102539062,93.80946350097656,5.5673828125,428.61126708984375,0.8067258596420288
269.50177001953125,135.41842651367188,8.386383056640625,365.3935852050781,0.7942152619361877
89.9736328125,161.99220275878906,25.406532287597656,85.9813232421875,0.7865438461303711
101.07413482666016,168.28244018554688,19.304061889648438,75.81671142578125,0.7853975892066956
94.1932373046875,128.34060668945312,22.213592529296875,149.20361328125,0.7817944884300232
