567.9609375,184.3599395751953,20.50146484375,49.09904479980469,0.9710415005683899
563.1815795898438,119.07675170898438,6.57574462890625,437.7034606933594,0.8290693163871765
631.3460083007812,174.70242309570312,8.16839599609375,69.84320068359375,0.8285515308380127
619.7025756835938,179.49520874023438,16.56719970703125,56.29859924316406,0.7993939518928528
550.5482177734375,108.25787353515625,9.74951171875,399.70245361328125,0.7966399192810059
607.2734375,116.601318359375,8.80401611328125,314.1455383300781,0.7794413566589355
472.65203857421875,240.3650665283203,16.4473876953125,334.89239501953125,0.7736234664916992
583.0071411132812,188.6179656982422,20.9083251953125,48.223052978515625,0.7641982436180115
636.65966796875,96.12788391113281,3.92578125,451.689453125,0.7619784474372864
164.23719787597656,136.5111083984375,11.078643798828125,355.27642822265625,0.761904776096344
