465.78045654296875,224.5889892578125,17.438720703125,35.562957763671875,0.8509998917579651
409.0155029296875,140.75022888183594,10.127197265625,377.1575927734375,0.8378423452377319
502.3299560546875,104.34134674072266,10.51055908203125,403.8877868652344,0.8009451031684875
569.8794555664062,183.62623596191406,9.166015625,422.330322265625,0.8004975318908691
522.8560791015625,119.50216674804688,12.2171630859375,379.3240051269531,0.796984851360321
634.50537109375,87.09761810302734,6.9276123046875,432.0701599121094,0.7928059697151184
105.61709594726562,155.95391845703125,12.81341552734375,323.5242919921875,0.7863079905509949
637.8342895507812,113.444580078125,3.99261474609375,456.3387451171875,0.7760597467422485
636.2445068359375,92.31867218017578,5.3516845703125,451.224853515625,0.771195650100708
99.50978088378906,156.19891357421875,16.544113159179688,277.1549072265625,0.7687371373176575
