346.663818359375,216.52536010742188,13.33648681640625,27.133346557617188,0.8542054295539856
466.38787841796875,133.3228302001953,9.70135498046875,400.14263916015625,0.8290702104568481
473.4234313964844,213.30496215820312,24.464569091796875,41.94111633300781,0.8139479756355286
606.6600952148438,104.73509979248047,7.11669921875,433.77325439453125,0.8136569857597351
191.21002197265625,134.23175048828125,10.950546264648438,362.57391357421875,0.8066944479942322
614.678466796875,-51.10512161254883,19.71966552734375,384.10595703125,0.7964210510253906
631.137939453125,161.7157745361328,13.07586669921875,170.56846618652344,0.7938540577888489
532.533447265625,104.75908660888672,9.203369140625,415.41558837890625,0.789610743522644
571.6368408203125,187.25167846679688,9.82025146484375,418.0296936035156,0.7895567417144775
634.4644775390625,70.53273010253906,9.357666015625,380.8477783203125,0.783916175365448
