545.214599609375,180.3923797607422,30.3096923828125,75.77015686035156,0.9834288954734802
419.7735900878906,176.05853271484375,20.202728271484375,48.673797607421875,0.9317994117736816
107.7125244140625,164.5904541015625,24.23895263671875,56.327392578125,0.8668878078460693
416.3681640625,176.3164520263672,18.81134033203125,43.71705627441406,0.8611884713172913
216.20181274414062,119.46627044677734,25.077713012695312,198.01583862304688,0.8289300799369812
631.8732299804688,62.124610900878906,5.8612060546875,438.9662780761719,0.827937662601471
126.16070556640625,149.94920349121094,32.37242126464844,110.33876037597656,0.8181540369987488
628.6978759765625,107.86919403076172,14.0247802734375,281.0117492675781,0.8159732222557068
87.6230239868164,166.53903198242188,24.06816864013672,51.889373779296875,0.8138622641563416
430.85382080078125,111.75381469726562,9.3505859375,401.6678771972656,0.8052112460136414
