503.0294189453125,157.92376708984375,20.12152099609375,60.95057678222656,0.9492204785346985
446.1244201660156,158.56155395507812,15.279083251953125,34.56951904296875,0.9064514636993408
462.6665954589844,157.23728942871094,19.324554443359375,51.25700378417969,0.8968913555145264
120.74685668945312,153.74032592773438,36.02201843261719,72.62246704101562,0.8593471050262451
584.0818481445312,104.34387969970703,4.77178955078125,439.66156005859375,0.849198579788208
637.1025390625,84.24535369873047,4.7847900390625,439.25201416015625,0.8341752290725708
73.661376953125,150.0139923095703,28.48394012451172,97.349853515625,0.8330374360084534
59.73209762573242,150.1763153076172,33.94938278198242,72.92544555664062,0.8243380188941956
52.67095947265625,153.98939514160156,28.355361938476562,68.37704467773438,0.8238953948020935
78.09430694580078,152.2824249267578,31.297698974609375,68.03591918945312,0.8218744397163391
