575.2006225585938,114.23724365234375,4.99658203125,424.006103515625,0.8152135610580444
532.056884765625,136.48898315429688,21.18682861328125,40.17610168457031,0.8008378148078918
636.9373779296875,59.818782806396484,5.3671875,334.1861877441406,0.789249062538147
638.1945190429688,26.344785690307617,3.29791259765625,443.2308654785156,0.787673830986023
247.217041015625,98.77204132080078,11.810577392578125,355.9764404296875,0.7691109776496887
591.9615478515625,39.98768615722656,5.50213623046875,426.94708251953125,0.7578965425491333
617.9428100585938,191.2388916015625,7.00677490234375,418.6781005859375,0.7509807348251343
442.9881591796875,126.48121643066406,20.71099853515625,117.10110473632812,0.74928879737854
193.93942260742188,135.6243133544922,26.721908569335938,85.45161437988281,0.737648606300354
599.9274291992188,69.9555892944336,4.59564208984375,439.1801452636719,0.7350462675094604
