636.2552490234375,61.30415344238281,6.9447021484375,387.3450927734375,0.8401873707771301
364.3907470703125,140.48727416992188,19.56573486328125,38.048370361328125,0.8383209109306335
230.55763244628906,98.60076141357422,10.350341796875,348.08612060546875,0.8108344674110413
637.92138671875,95.57543182373047,3.687744140625,449.17919921875,0.80667644739151
601.6973266601562,110.47966003417969,4.47222900390625,445.64849853515625,0.8046373128890991
448.3774108886719,91.37129974365234,7.541900634765625,391.5321044921875,0.784662127494812
460.8697509765625,155.27879333496094,26.04437255859375,56.98713684082031,0.7821828722953796
349.486328125,137.69773864746094,19.285400390625,36.015167236328125,0.7771586775779724
294.69500732421875,131.6916046142578,20.9306640625,35.87223815917969,0.7745104432106018
587.7372436523438,74.60869598388672,4.9954833984375,432.5616455078125,0.7703090906143188
