378.89361572265625,103.7409439086914,15.47119140625,32.491065979003906,0.9712841510772705
638.4678955078125,30.626449584960938,2.84375,451.1654052734375,0.7792755961418152
636.324951171875,9.886507987976074,5.56707763671875,454.3390808105469,0.7687221169471741
327.567138671875,100.12739562988281,8.67645263671875,362.15533447265625,0.7394199967384338
369.6578369140625,28.099349975585938,8.970947265625,325.54254150390625,0.7346433401107788
619.1484985351562,29.747013092041016,4.356201171875,454.13232421875,0.7281839847564697
602.832275390625,134.06849670410156,5.24261474609375,414.99468994140625,0.7151809930801392
635.8777465820312,70.07887268066406,3.638671875,449.26025390625,0.7090229988098145
264.9171447753906,43.667762756347656,11.7237548828125,335.3222351074219,0.6955174803733826
606.2130737304688,208.03688049316406,12.3067626953125,395.18896484375,0.6946297883987427
