422.16217041015625,171.29039001464844,25.59930419921875,45.08740234375,0.9827305674552917
171.34353637695312,139.55868530273438,9.876785278320312,340.1069030761719,0.8250990509986877
392.4200439453125,171.27200317382812,17.4228515625,34.43592834472656,0.8184207677841187
417.4644470214844,174.47897338867188,20.476531982421875,42.07505798339844,0.8154983520507812
615.2047119140625,94.5701675415039,6.343505859375,424.0492858886719,0.8084269165992737
552.2659301757812,87.510498046875,7.05987548828125,413.4000244140625,0.8031878471374512
534.244140625,118.21048736572266,7.232421875,420.7852478027344,0.8030441999435425
539.1072998046875,231.8751678466797,17.26739501953125,346.0927734375,0.7811464071273804
633.5968627929688,72.46421813964844,5.12176513671875,433.589599609375,0.7789148688316345
621.2572021484375,87.13002014160156,7.7164306640625,372.8128662109375,0.7755773067474365
