433.74676513671875,170.74473571777344,22.40142822265625,47.70329284667969,0.9955411553382874
461.0151672363281,173.2044677734375,22.978973388671875,45.25343322753906,0.9660705327987671
152.9503173828125,146.0505828857422,10.850723266601562,326.8885498046875,0.8245692253112793
571.5905151367188,108.51386260986328,9.09967041015625,396.6700744628906,0.8172873854637146
497.9673767089844,115.79843139648438,8.451751708984375,417.4940490722656,0.8028842210769653
425.8013916015625,173.53298950195312,16.37945556640625,39.068359375,0.8025882244110107
574.7778930664062,201.83274841308594,13.37847900390625,386.72137451171875,0.8020209074020386
636.117919921875,62.567222595214844,6.6748046875,406.4384460449219,0.793820321559906
368.1256408691406,173.7705841064453,17.016754150390625,30.903366088867188,0.7889613509178162
634.3001708984375,107.58979797363281,9.694580078125,274.43212890625,0.7872263193130493
