541.3250122070312,202.00901794433594,20.8697509765625,41.52569580078125,0.888715922832489
460.30084228515625,135.10060119628906,8.934539794921875,390.46026611328125,0.8218310475349426
467.756591796875,137.83851623535156,12.1136474609375,337.6171875,0.815585196018219
534.1646118164062,213.427734375,12.80389404296875,378.97418212890625,0.7994863390922546
97.4953384399414,153.3944854736328,12.840042114257812,320.04095458984375,0.7994022965431213
627.6673583984375,92.63676452636719,6.4664306640625,426.754150390625,0.7648147344589233
129.23464965820312,154.46029663085938,16.16986083984375,282.9226379394531,0.7517141103744507
631.5587768554688,81.22004699707031,5.97265625,427.002685546875,0.7503931522369385
534.9632568359375,104.23819732666016,8.98089599609375,407.4974060058594,0.7464370131492615
635.6926879882812,46.22899627685547,7.9638671875,419.96490478515625,0.745941698551178
