598.7090454101562,197.99810791015625,23.85137939453125,40.30690002441406,0.950738251209259
422.7786560058594,209.2581024169922,17.8564453125,38.76383972167969,0.8812810182571411
608.6443481445312,194.55343627929688,20.881591796875,42.003570556640625,0.8529148697853088
366.29925537109375,128.7191162109375,11.733306884765625,394.67559814453125,0.8120571374893188
632.2877807617188,98.18386840820312,6.2249755859375,429.6866760253906,0.7918574213981628
626.323486328125,82.9219741821289,7.72576904296875,413.7038879394531,0.7808816432952881
599.10205078125,171.84791564941406,7.75,438.8818359375,0.7721561789512634
106.86399841308594,138.3304901123047,13.756515502929688,349.7088623046875,0.7636990547180176
560.8782958984375,113.62863159179688,10.8253173828125,399.4907531738281,0.7557002305984497
623.7718505859375,87.75651550292969,9.85986328125,421.43719482421875,0.7396957874298096
