468.408935546875,196.0394287109375,20.18682861328125,40.07377624511719,0.8696362972259521
456.92315673828125,199.65664672851562,18.68804931640625,40.671142578125,0.8649357557296753
628.3275146484375,72.28639221191406,7.08746337890625,423.055908203125,0.837777316570282
394.313720703125,122.8489761352539,9.65716552734375,386.7645568847656,0.8196339011192322
338.99298095703125,189.70608520507812,22.14813232421875,52.6263427734375,0.8194963335990906
69.2099609375,185.0095977783203,24.964378356933594,73.09715270996094,0.815421998500824
604.791015625,91.59051513671875,6.45941162109375,432.03887939453125,0.8109986782073975
56.08518981933594,185.07778930664062,29.9010009765625,61.14788818359375,0.8060436844825745
160.3463897705078,132.38687133789062,11.48114013671875,352.660888671875,0.801521897315979
631.2979125976562,133.60247802734375,14.1995849609375,256.9109191894531,0.790238082408905
