552.2037353515625,128.47035217285156,22.418701171875,54.4580078125,0.9716892838478088
494.6530456542969,124.7304458618164,18.951568603515625,38.77100372314453,0.9051363468170166
556.3927612304688,129.29583740234375,22.8843994140625,52.33734130859375,0.8892036080360413
575.42236328125,127.29157257080078,22.18115234375,53.715187072753906,0.8550289869308472
588.104736328125,137.35997009277344,22.0421142578125,51.90873718261719,0.8442965745925903
514.1181640625,122.54078674316406,19.4376220703125,42.22019958496094,0.8110167384147644
613.8619995117188,113.96430206298828,3.68426513671875,441.63800048828125,0.8059362173080444
635.3092041015625,33.785736083984375,5.8004150390625,415.9510192871094,0.788160502910614
487.41790771484375,120.6833267211914,18.617401123046875,40.442481994628906,0.7804843187332153
636.6964111328125,43.441917419433594,3.4361572265625,458.5694274902344,0.7717615365982056
