564.58447265625,118.46800994873047,6.0323486328125,425.47357177734375,0.8332051038742065
92.35577392578125,154.23471069335938,15.948890686035156,38.00660705566406,0.8115410208702087
89.44261169433594,155.4785614013672,15.888008117675781,36.23402404785156,0.7891425490379333
628.18798828125,148.0460968017578,11.915771484375,97.24989318847656,0.7808574438095093
625.926513671875,74.98133087158203,4.46746826171875,441.67010498046875,0.779232382774353
176.6038360595703,149.07565307617188,9.497451782226562,326.9964599609375,0.7717036604881287
84.1671142578125,159.07696533203125,20.778793334960938,70.7337646484375,0.7659063339233398
144.26861572265625,107.37490844726562,15.559463500976562,325.93023681640625,0.7656906247138977
607.9697265625,37.86988830566406,4.842529296875,434.38616943359375,0.7653698325157166
601.6715087890625,71.35044860839844,4.84295654296875,445.21319580078125,0.7652326226234436
