549.09619140625,142.52598571777344,24.15826416015625,62.75785827636719,0.9147656559944153
604.2970581054688,123.37118530273438,4.48077392578125,432.4669494628906,0.8395474553108215
425.21990966796875,78.59796142578125,12.756744384765625,217.60308837890625,0.8235199451446533
321.62908935546875,90.05156707763672,9.301544189453125,375.58282470703125,0.8102140426635742
150.42742919921875,134.49786376953125,18.676483154296875,57.95068359375,0.8004282116889954
87.63362121582031,139.2303466796875,19.12572479248047,48.988037109375,0.7958225607872009
547.7084350585938,51.634254455566406,13.35357666015625,252.11709594726562,0.7904114127159119
609.8684692382812,34.18267059326172,4.4486083984375,438.08258056640625,0.7864813208580017
229.6212921142578,111.8279800415039,15.125091552734375,140.71139526367188,0.7845869660377502
20.097244262695312,153.067138671875,26.432327270507812,44.86029052734375,0.7836153507232666
