502.4063415527344,157.57833862304688,19.915069580078125,52.293060302734375,0.9138860702514648
464.9203186035156,159.335693359375,18.717498779296875,44.548004150390625,0.8414815664291382
568.102294921875,113.52164459228516,5.31591796875,427.8082580566406,0.8244932889938354
505.62451171875,158.30223083496094,21.27545166015625,51.215118408203125,0.8149863481521606
173.82144165039062,100.13833618164062,12.4256591796875,339.94500732421875,0.8110054135322571
460.3817138671875,156.70025634765625,21.744598388671875,48.51951599121094,0.8052253127098083
535.8955078125,156.44149780273438,21.3653564453125,51.78631591796875,0.7889795899391174
583.4326782226562,50.233055114746094,6.17083740234375,417.405029296875,0.7877561450004578
625.8361206054688,76.20789337158203,4.25555419921875,446.470458984375,0.7877144813537598
157.4115753173828,141.8010711669922,9.466964721679688,330.8948974609375,0.7843631505966187
