364.68780517578125,182.57192993164062,16.87750244140625,28.30120849609375,0.8950361609458923
428.0699462890625,121.96380615234375,8.824859619140625,393.26348876953125,0.797886312007904
555.323974609375,182.52886962890625,15.37384033203125,35.284423828125,0.7929844260215759
584.6988525390625,105.70329284667969,7.33807373046875,406.0267333984375,0.7820643186569214
541.328125,200.9273223876953,9.09619140625,386.193603515625,0.7775313854217529
324.16064453125,188.14437866210938,14.01971435546875,24.548828125,0.7751190662384033
91.94950103759766,135.9844512939453,11.907402038574219,336.14801025390625,0.772148847579956
72.82488250732422,191.39471435546875,22.004302978515625,61.228179931640625,0.7697761058807373
135.38856506347656,124.14717102050781,14.81744384765625,306.8201904296875,0.7673196196556091
335.3865051269531,188.66690063476562,14.10369873046875,26.328872680664062,0.7646104097366333
