550.5071411132812,181.30429077148438,20.27801513671875,42.88690185546875,0.940920889377594
354.2237854003906,196.23724365234375,16.991180419921875,35.69476318359375,0.824019730091095
478.4259338378906,118.76016235351562,8.503570556640625,410.0470275878906,0.8109058141708374
503.2667541503906,183.5098876953125,18.456146240234375,34.72257995605469,0.7966984510421753
350.2768249511719,190.60118103027344,17.78717041015625,37.88374328613281,0.794563353061676
511.8765869140625,185.20028686523438,18.37890625,37.68824768066406,0.7874297499656677
359.1534423828125,197.3779296875,16.56793212890625,34.21905517578125,0.7848834991455078
592.792236328125,98.25871276855469,6.86279296875,415.45062255859375,0.7823454141616821
185.56805419921875,131.66094970703125,10.42547607421875,356.9393310546875,0.7770311832427979
575.0575561523438,183.5373077392578,24.096435546875,46.95075988769531,0.771724283695221
