470.0947265625,119.72550201416016,7.796630859375,400.5528259277344,0.8234027028083801
590.3112182617188,100.94808959960938,6.928955078125,409.851806640625,0.8076876401901245
185.04393005371094,145.3030242919922,10.6004638671875,337.3455810546875,0.8013352155685425
635.2778930664062,73.07347106933594,8.69378662109375,356.7491455078125,0.8002285361289978
567.8512573242188,199.32691955566406,8.56207275390625,392.58349609375,0.7850407361984253
547.051025390625,89.15290832519531,7.48284912109375,415.70184326171875,0.7791118025779724
112.58502197265625,125.14230346679688,15.526824951171875,297.336669921875,0.7651178240776062
100.8814697265625,171.6138916015625,28.82720947265625,83.44990539550781,0.7649871110916138
636.2178955078125,78.63018035888672,5.0404052734375,438.583740234375,0.7631476521492004
637.6758422851562,51.687713623046875,4.39398193359375,445.1074523925781,0.7378235459327698
