631.8853149414062,-40.747474670410156,15.45257568359375,365.1772155761719,0.8361544013023376
508.3865661621094,116.93157958984375,7.532501220703125,414.75897216796875,0.8310150504112244
597.8632202148438,93.69642639160156,6.4193115234375,420.95770263671875,0.813275158405304
201.673583984375,136.4464874267578,9.850128173828125,352.03729248046875,0.8069452047348022
603.8753662109375,163.60028076171875,15.84136962890625,95.84625244140625,0.806302547454834
620.0084228515625,-65.21234130859375,14.6839599609375,364.025634765625,0.8009961843490601
566.7381591796875,81.27459716796875,6.27838134765625,421.0416259765625,0.787870466709137
636.6936645507812,82.2707290649414,3.88421630859375,456.8619689941406,0.7847809791564941
570.4921264648438,192.87081909179688,8.7236328125,407.2759704589844,0.7846570611000061
635.7481079101562,78.35313415527344,7.805419921875,333.47283935546875,0.7828484773635864
