501.54425048828125,177.64317321777344,14.94366455078125,36.18659973144531,0.846577525138855
601.9915161132812,118.78492736816406,4.44537353515625,442.35467529296875,0.8171967267990112
583.760498046875,203.00059509277344,8.1412353515625,410.48443603515625,0.7983375191688538
616.4197387695312,95.05375671386719,5.28326416015625,435.18402099609375,0.790314793586731
632.9395141601562,65.10550689697266,4.43890380859375,418.533203125,0.7891104817390442
184.4847869873047,121.5106201171875,12.565689086914062,314.5690612792969,0.7704366445541382
182.1099090576172,136.072021484375,10.071304321289062,352.7751159667969,0.7704213857650757
506.78778076171875,180.81097412109375,15.70135498046875,39.58534240722656,0.7617365121841431
637.5266723632812,90.38844299316406,3.2471923828125,460.7645263671875,0.7613529562950134
598.1865844726562,79.9235610961914,5.14862060546875,438.5252990722656,0.7593995332717896
