513.7062377929688,161.39883422851562,16.40185546875,38.526153564453125,0.9855785369873047
523.4251708984375,120.51481628417969,6.098876953125,405.119873046875,0.8237597942352295
613.7767333984375,180.7997589111328,5.7926025390625,435.517333984375,0.8038707375526428
609.1549682617188,92.59396362304688,5.6195068359375,427.4554748535156,0.7993553280830383
147.6645965576172,119.25904083251953,12.719436645507812,303.11102294921875,0.7935768365859985
567.5114135742188,11.013636589050293,30.75738525390625,253.99346923828125,0.7864964008331299
576.9046630859375,78.55157470703125,5.76300048828125,426.0777587890625,0.7760255932807922
196.83775329589844,136.32156372070312,9.90936279296875,348.14117431640625,0.7757592797279358
629.430908203125,112.25231170654297,10.1746826171875,206.6121826171875,0.7612228989601135
635.4622802734375,53.78337097167969,5.964599609375,410.34686279296875,0.7609113454818726
