518.836181640625,121.6036605834961,6.77593994140625,409.6861877441406,0.8246766328811646
584.1142578125,185.06964111328125,7.7265625,420.11553955078125,0.8115915060043335
606.931884765625,98.87739562988281,6.0653076171875,426.2984619140625,0.7938469648361206
156.06309509277344,139.5154266357422,10.599288940429688,344.21282958984375,0.7865944504737854
633.0185546875,122.22496032714844,11.5782470703125,264.1279296875,0.7822319865226746
635.9503784179688,62.44417190551758,3.72802734375,439.9765625,0.7731379866600037
154.61154174804688,133.55838012695312,13.13238525390625,293.5763244628906,0.7637078166007996
575.1138916015625,85.15152740478516,6.3353271484375,427.2623596191406,0.7546694278717041
612.5545654296875,170.1406707763672,10.936767578125,85.09765625,0.736275851726532
634.5452270507812,44.490753173828125,5.7520751953125,433.1838684082031,0.7360268235206604
