544.8998413085938,120.49036407470703,7.4970703125,429.861572265625,0.8243632316589355
217.89459228515625,134.91592407226562,9.958419799804688,368.76568603515625,0.8060985207557678
625.1795654296875,196.55902099609375,12.0128173828125,41.216827392578125,0.8021058440208435
628.0418701171875,80.73380279541016,6.910888671875,418.4994812011719,0.7999911308288574
592.8900756835938,204.93179321289062,16.5474853515625,33.503265380859375,0.7990275025367737
635.5869750976562,90.03477478027344,4.63739013671875,451.76165771484375,0.7829908132553101
567.4468383789062,96.81100463867188,7.7777099609375,430.8274841308594,0.776757001876831
522.4890747070312,204.4449920654297,14.95831298828125,35.70527648925781,0.7719804048538208
538.1345825195312,125.73589324951172,9.43548583984375,371.841064453125,0.7702767252922058
637.533447265625,114.52381896972656,4.44500732421875,446.49853515625,0.7630671858787537
