152.61651611328125,147.00608825683594,13.090850830078125,339.86651611328125,0.821668267250061
420.6243591308594,133.46554565429688,10.53717041015625,389.0561218261719,0.8115254044532776
514.5830688476562,125.16629028320312,12.895751953125,373.3815002441406,0.8085223436355591
624.740478515625,83.2057876586914,8.42742919921875,413.71075439453125,0.8011672496795654
476.1285095214844,103.66130065917969,9.970916748046875,386.9088134765625,0.791989266872406
439.357421875,234.0369873046875,14.50933837890625,333.27667236328125,0.7843621969223022
633.9804077148438,95.67829895019531,5.9383544921875,444.00848388671875,0.7740373611450195
146.332275390625,134.58143615722656,19.190109252929688,312.57513427734375,0.7601073384284973
617.9779052734375,99.37388610839844,9.9910888671875,385.51934814453125,0.7573326230049133
615.1863403320312,105.48699188232422,9.15380859375,400.1196594238281,0.7470402717590332
