432.375732421875,192.4551239013672,15.443328857421875,37.09083557128906,0.9231730699539185
140.9708709716797,138.58631896972656,11.663818359375,341.63458251953125,0.8122859001159668
410.0556945800781,195.44894409179688,13.9422607421875,30.965423583984375,0.8116137981414795
417.3517150878906,126.00666046142578,9.02099609375,383.747314453125,0.8059068918228149
31.812124252319336,199.41241455078125,18.566186904907227,37.598297119140625,0.7989283800125122
479.0274353027344,100.74922180175781,9.655242919921875,390.35736083984375,0.7969474792480469
532.9248046875,73.96791076660156,42.0528564453125,218.38526916503906,0.7897835969924927
626.8670043945312,182.42771911621094,15.89910888671875,117.72297668457031,0.7792987823486328
603.682373046875,99.83672332763672,7.49688720703125,431.68231201171875,0.7792910933494568
125.71305847167969,133.7187957763672,17.057022094726562,294.68133544921875,0.7649157643318176
