629.0934448242188,-9.814453125,20.81707763671875,314.98236083984375,0.8406112194061279
161.79779052734375,171.88011169433594,17.431365966796875,34.061798095703125,0.8197630047798157
152.6585235595703,169.5935516357422,17.310409545898438,37.06266784667969,0.8097335696220398
611.4183349609375,86.75718688964844,5.278076171875,433.2698974609375,0.8087276816368103
549.4832153320312,110.20539093017578,6.4744873046875,431.4268798828125,0.8070363402366638
572.5933837890625,167.61648559570312,18.41705322265625,51.105712890625,0.8039770126342773
170.90745544433594,165.07083129882812,19.545516967773438,48.499237060546875,0.7991917133331299
575.367919921875,171.7873992919922,19.73406982421875,54.02049255371094,0.7955208420753479
626.2010498046875,72.95121002197266,7.4986572265625,410.3197326660156,0.7942385673522949
504.3471984863281,179.6118927001953,17.359283447265625,35.99192810058594,0.7714699506759644
