425.8100891113281,164.331298828125,14.609588623046875,39.089324951171875,0.9699862599372864
423.5446472167969,164.06088256835938,14.07373046875,35.786590576171875,0.8311601877212524
626.3896484375,43.54932403564453,24.42333984375,232.57986450195312,0.8221384286880493
531.169677734375,113.79097747802734,6.839111328125,422.4268493652344,0.8069130778312683
607.8258666992188,86.18103790283203,5.39910888671875,429.27459716796875,0.7952779531478882
374.3344421386719,163.86141967773438,15.69573974609375,30.25836181640625,0.7913504242897034
579.1702880859375,152.70074462890625,20.622802734375,48.112274169921875,0.7890576124191284
121.58688354492188,96.7586669921875,14.4031982421875,331.9649963378906,0.7858920097351074
256.5169372558594,139.331298828125,8.35797119140625,355.3094177246094,0.7795053720474243
555.7909545898438,74.84236907958984,6.0540771484375,415.5626525878906,0.7680481672286987
