561.7374877929688,148.9636688232422,14.666259765625,43.23503112792969,0.9808829426765442
456.03570556640625,160.00421142578125,15.658172607421875,42.45960998535156,0.857448399066925
450.1356506347656,160.58921813964844,16.392608642578125,42.36543273925781,0.8523363471031189
573.6506958007812,87.9354019165039,6.3759765625,396.2651672363281,0.8042839169502258
159.6085968017578,88.69996643066406,12.683944702148438,341.24072265625,0.8031567931175232
543.6488037109375,108.63312530517578,5.84088134765625,420.00140380859375,0.7973510026931763
593.6586303710938,16.540847778320312,25.84051513671875,259.5885009765625,0.7926656007766724
575.0349731445312,154.58741760253906,15.67431640625,42.11671447753906,0.791225254535675
448.3791809082031,161.57650756835938,13.3282470703125,35.417694091796875,0.7905648946762085
100.35812377929688,148.14593505859375,22.756576538085938,43.293121337890625,0.7810961008071899
