487.3243408203125,188.2613525390625,20.839691162109375,58.56684875488281,0.9289647936820984
601.741455078125,204.3299560546875,19.8411865234375,53.67529296875,0.9183444380760193
479.899169921875,189.66819763183594,20.760650634765625,55.82463073730469,0.9144181609153748
523.0711059570312,113.15316009521484,7.2720947265625,426.3844299316406,0.8387004137039185
629.76220703125,79.4603042602539,6.6541748046875,421.4124755859375,0.8288813829421997
586.9033203125,199.66102600097656,24.5050048828125,57.73365783691406,0.828330397605896
541.76171875,104.07935333251953,10.90576171875,407.1926574707031,0.7817161083221436
493.7398986816406,211.0586700439453,12.038116455078125,369.00164794921875,0.7807527780532837
191.4792022705078,129.0948944091797,10.256927490234375,373.46588134765625,0.7735285758972168
490.714111328125,95.08436584472656,10.770416259765625,408.67498779296875,0.7707547545433044
