432.38916015625,176.36627197265625,13.725799560546875,31.773117065429688,0.9740910530090332
342.2534484863281,172.9735870361328,16.878143310546875,29.009109497070312,0.9126642346382141
271.90399169921875,163.3085174560547,12.55084228515625,26.369857788085938,0.8803451061248779
498.7289733886719,118.0507583618164,8.263092041015625,417.3894348144531,0.8013557195663452
625.0559692382812,82.25950622558594,4.60821533203125,447.2806396484375,0.7785789966583252
357.3005676269531,174.92431640625,18.570465087890625,32.17692565917969,0.7752714157104492
617.3601684570312,171.77395629882812,6.091064453125,440.4651794433594,0.7722004652023315
232.36279296875,135.04232788085938,9.199935913085938,358.8168029785156,0.7704477310180664
340.2119140625,175.3023681640625,18.182525634765625,31.519866943359375,0.7659834623336792
632.080078125,47.14012908935547,7.226318359375,418.966064453125,0.7654799818992615
