375.58306884765625,161.4425506591797,22.90069580078125,50.635101318359375,0.9921601414680481
500.3028564453125,179.65318298339844,17.93634033203125,38.31455993652344,0.9049507975578308
562.62451171875,177.33642578125,20.8408203125,51.47869873046875,0.8938843607902527
520.84228515625,179.5898895263672,17.65985107421875,41.757232666015625,0.8927240371704102
546.7472534179688,178.20721435546875,21.30224609375,55.043670654296875,0.826353132724762
381.6544189453125,165.82923889160156,20.29193115234375,44.669586181640625,0.8140870928764343
629.7933349609375,-43.30341339111328,19.80743408203125,365.1199645996094,0.7839999198913574
505.67718505859375,116.91647338867188,8.502197265625,421.2760314941406,0.7834301590919495
577.0670776367188,179.9998779296875,20.8076171875,55.77716064453125,0.783335268497467
371.49853515625,163.83726501464844,24.233917236328125,50.1859130859375,0.7823682427406311
