494.13873291015625,177.2587432861328,12.918304443359375,30.507492065429688,0.8376701474189758
451.55145263671875,180.7478485107422,10.8658447265625,24.486923217773438,0.8338359594345093
602.4500732421875,121.76559448242188,15.69378662109375,224.1220703125,0.8260262608528137
549.8015747070312,111.21824645996094,6.15472412109375,426.416748046875,0.8170575499534607
616.8043212890625,89.5624771118164,6.24481201171875,435.6025085449219,0.8082588911056519
248.65341186523438,130.71495056152344,9.126434326171875,368.54278564453125,0.7925868034362793
631.030517578125,142.96820068359375,13.06195068359375,210.6114501953125,0.7872541546821594
636.5321044921875,69.50929260253906,4.84918212890625,443.96563720703125,0.7686200141906738
502.4453125,91.67317199707031,8.28857421875,391.35003662109375,0.7686172127723694
453.6924743652344,181.22097778320312,12.316192626953125,27.557022094726562,0.7685974836349487
