478.5755615234375,185.00511169433594,11.06292724609375,24.6800537109375,0.9625099301338196
178.4127655029297,167.3636932373047,45.7598876953125,33.979400634765625,0.9339118003845215
628.6939697265625,-12.954840660095215,21.139892578125,302.5107727050781,0.8663310408592224
575.5591430664062,110.34272003173828,4.9962158203125,430.98968505859375,0.8430304527282715
627.345458984375,81.39525604248047,6.24713134765625,386.2518005371094,0.8323528170585632
134.00225830078125,178.16961669921875,17.235321044921875,34.17169189453125,0.8309969902038574
517.2762451171875,185.56430053710938,15.59130859375,33.722991943359375,0.8193833231925964
466.20458984375,187.1781463623047,11.58447265625,25.432830810546875,0.813806414604187
619.585693359375,-50.97352981567383,26.09979248046875,346.7179870605469,0.8036766648292542
529.1800537109375,216.74090576171875,11.939208984375,368.940673828125,0.7991653084754944
