464.40435791015625,168.00918579101562,22.4141845703125,51.5794677734375,0.9826658964157104
457.7122497558594,166.5941162109375,23.377593994140625,52.01045227050781,0.8705337047576904
173.66412353515625,184.47705078125,25.459640502929688,48.95243835449219,0.8240147829055786
517.053466796875,113.19673156738281,6.94287109375,415.0267333984375,0.8034935593605042
634.051025390625,123.58171081542969,9.1795654296875,221.02552795410156,0.7973145246505737
510.9978942871094,114.6719741821289,10.696929931640625,361.4038391113281,0.7921594977378845
339.46295166015625,172.91943359375,16.0052490234375,32.949371337890625,0.7918657660484314
213.78274536132812,132.06246948242188,9.247665405273438,352.8858337402344,0.7912688851356506
588.8624267578125,188.89544677734375,9.71002197265625,406.12286376953125,0.7722622752189636
635.4028930664062,36.783485412597656,6.42108154296875,419.5902404785156,0.7691352963447571
