472.5899658203125,166.31515502929688,23.98626708984375,59.00244140625,0.9896042346954346
466.3674621582031,168.99574279785156,24.861358642578125,58.36921691894531,0.9556786417961121
506.6653747558594,163.4630584716797,20.064605712890625,49.258636474609375,0.9052962064743042
570.0097045898438,161.75723266601562,20.49615478515625,45.4403076171875,0.8492833971977234
515.883544921875,110.24886322021484,6.5672607421875,414.3825988769531,0.8251551389694214
590.8563842773438,176.95919799804688,6.80621337890625,421.3301086425781,0.8218461871147156
606.9066772460938,88.0519027709961,5.50311279296875,430.7583312988281,0.80797278881073
158.74630737304688,106.79084014892578,12.580841064453125,326.7253723144531,0.8031008839607239
510.95904541015625,164.5159912109375,21.1551513671875,47.97917175292969,0.7971369028091431
633.5657958984375,48.084983825683594,5.91949462890625,413.75616455078125,0.7936855554580688
