525.688232421875,175.23529052734375,31.4130859375,85.444580078125,0.9952124357223511
611.9765014648438,172.6091766357422,16.55230712890625,127.47804260253906,0.8711640238761902
519.5577392578125,173.25205993652344,27.7635498046875,81.40487670898438,0.866555392742157
524.45751953125,174.7047119140625,25.6875,68.96128845214844,0.8218218684196472
604.9308471679688,92.89146423339844,6.13165283203125,428.35858154296875,0.8011192679405212
502.8544616699219,116.7959976196289,7.79510498046875,418.5911560058594,0.801079511642456
217.221923828125,131.2601318359375,9.724655151367188,364.1082458496094,0.7921930551528931
600.6875610351562,181.5358428955078,7.16021728515625,430.90057373046875,0.7722858190536499
124.41902923583984,135.30667114257812,14.654624938964844,290.5981140136719,0.766238808631897
498.71380615234375,96.22100830078125,8.77471923828125,394.49267578125,0.7553060054779053
