530.9728393554688,179.91983032226562,17.9254150390625,37.82292175292969,0.918384313583374
521.6019287109375,181.7880096435547,16.01220703125,36.74528503417969,0.8757748603820801
496.4160461425781,182.08651733398438,16.740447998046875,34.41404724121094,0.8570892214775085
619.4799194335938,130.08572387695312,24.01654052734375,264.8884582519531,0.8271100521087646
370.4209899902344,188.21519470214844,16.459869384765625,31.77850341796875,0.8097956776618958
588.05029296875,103.84738159179688,7.63958740234375,411.8141174316406,0.8063438534736633
366.8360900878906,129.20494079589844,9.816436767578125,374.7772216796875,0.8054252862930298
498.4661865234375,186.40257263183594,18.65869140625,38.295501708984375,0.7923608422279358
114.83830261230469,143.0663604736328,12.148399353027344,336.877685546875,0.7852031588554382
631.2723388671875,88.34384155273438,6.1475830078125,426.2573547363281,0.7735893726348877
