543.4828491210938,175.06198120117188,18.07574462890625,45.83299255371094,0.9499083161354065
621.9237060546875,69.48270416259766,30.524658203125,217.8192138671875,0.9114230275154114
519.016845703125,184.9995574951172,18.53558349609375,45.65705871582031,0.87014240026474
623.2095947265625,139.3397674560547,9.50250244140625,199.05836486816406,0.8570002317428589
554.2041015625,176.11917114257812,22.46392822265625,55.07643127441406,0.8400945067405701
633.4443969726562,65.37716674804688,4.68963623046875,430.7445373535156,0.8194178342819214
605.1541137695312,96.46405029296875,6.02386474609375,427.35076904296875,0.7873383164405823
127.89279174804688,130.68556213378906,13.016845703125,303.63262939453125,0.7660942673683167
637.4091796875,91.21513366699219,3.3468017578125,458.184326171875,0.7620628476142883
604.041748046875,-29.10487937927246,29.35968017578125,283.2536315917969,0.7589448094367981
