523.5856323242188,174.7421875,18.76739501953125,49.67631530761719,0.9724551439285278
548.3045654296875,176.56175231933594,18.0234375,45.331787109375,0.9706947207450867
526.4134521484375,174.2371063232422,20.23150634765625,49.015960693359375,0.8889186382293701
517.6787719726562,185.58099365234375,17.89019775390625,45.13267517089844,0.8866608738899231
628.7699584960938,-7.045598030090332,21.2135009765625,342.8570861816406,0.8849808573722839
451.30377197265625,122.60912322998047,7.19354248046875,389.737060546875,0.8507158756256104
550.36474609375,166.1614532470703,19.7337646484375,78.17500305175781,0.8405386805534363
555.4277954101562,107.57400512695312,8.57952880859375,389.2522277832031,0.8325539827346802
631.5819091796875,66.72225952148438,5.1571044921875,421.87860107421875,0.8294065594673157
573.603759765625,176.9580841064453,7.82080078125,415.32159423828125,0.8214817047119141
