544.5699462890625,176.2867431640625,19.41717529296875,47.398040771484375,0.9499656558036804
628.8570556640625,-0.27344226837158203,20.62408447265625,325.8454284667969,0.8806977272033691
579.897216796875,166.7410430908203,16.11309814453125,98.45976257324219,0.8446733951568604
509.08770751953125,183.73243713378906,19.89898681640625,46.25933837890625,0.8432070016860962
593.1558837890625,112.0297622680664,4.6422119140625,441.0041809082031,0.8323980569839478
162.96470642089844,129.58169555664062,12.451400756835938,308.05169677734375,0.797174334526062
608.6802368164062,95.4737777709961,5.86297607421875,431.2184143066406,0.786647617816925
214.61376953125,134.90138244628906,9.7745361328125,361.9110107421875,0.7790447473526001
637.4876708984375,84.59672546386719,3.320068359375,461.15594482421875,0.7574408054351807
608.1358642578125,-41.991432189941406,26.80596923828125,298.89898681640625,0.7531452178955078
