555.94140625,113.61030578613281,5.495361328125,423.380126953125,0.8380854725837708
503.4393005371094,186.77720642089844,18.251312255859375,43.91755676269531,0.8077370524406433
595.6187744140625,98.27659606933594,6.7056884765625,420.086181640625,0.8047434091567993
634.465576171875,67.63353729248047,4.36676025390625,433.4417724609375,0.8031814098358154
120.25047302246094,142.90011596679688,11.58056640625,333.0643310546875,0.7893489003181458
191.93663024902344,189.8656768798828,18.767501831054688,34.873291015625,0.7893156409263611
563.8541259765625,90.10780334472656,6.497314453125,416.99798583984375,0.7755383849143982
37.3880729675293,196.05128479003906,22.022804260253906,47.72039794921875,0.7739815711975098
80.84663391113281,152.43035888671875,14.612594604492188,254.76235961914062,0.7568410038948059
590.79833984375,192.06907653808594,7.62054443359375,414.46514892578125,0.7563079595565796
