629.2705688476562,-7.71815299987793,20.01422119140625,336.98370361328125,0.8730394244194031
511.3123779296875,183.7781219482422,19.72198486328125,47.24433898925781,0.8511772751808167
580.8643798828125,167.11062622070312,15.2264404296875,95.15972900390625,0.850210964679718
585.894775390625,112.82176208496094,4.8453369140625,437.30316162109375,0.8319200277328491
634.0137329101562,63.64667510986328,4.395751953125,432.140869140625,0.828193724155426
179.21932983398438,137.41116333007812,10.302276611328125,352.2973327636719,0.7935219407081604
143.3211669921875,133.41165161132812,12.623687744140625,299.7758483886719,0.7926570773124695
605.6156005859375,96.27994537353516,6.15185546875,429.2012023925781,0.7909483909606934
523.6490478515625,173.17562866210938,21.29388427734375,49.262298583984375,0.7593489289283752
582.3236083984375,84.18175506591797,5.76873779296875,429.61834716796875,0.7571848034858704
