546.9719848632812,176.4995880126953,19.46697998046875,46.60234069824219,0.9806678295135498
525.9154663085938,174.80662536621094,18.404296875,49.35496520996094,0.901119589805603
629.0791625976562,-13.202648162841797,20.612060546875,345.5190734863281,0.8858628869056702
519.0719604492188,186.096923828125,18.1717529296875,44.9658203125,0.871222198009491
528.218505859375,173.57998657226562,20.515625,49.3118896484375,0.8654305338859558
474.72418212890625,118.3363265991211,7.724700927734375,403.3888244628906,0.8361524343490601
631.9678955078125,62.28944778442383,5.37823486328125,430.980712890625,0.8282545208930969
522.814453125,118.13724517822266,9.9425048828125,364.4920349121094,0.8281393051147461
526.295654296875,180.5399627685547,22.24188232421875,72.49786376953125,0.8209004998207092
465.70233154296875,190.28131103515625,17.59619140625,36.306304931640625,0.8157528638839722
