526.6075439453125,173.81689453125,20.0980224609375,48.72184753417969,0.9078044891357422
518.0714721679688,184.09384155273438,17.7884521484375,45.01710510253906,0.8656144142150879
582.4122924804688,110.88646697998047,4.87457275390625,436.6571044921875,0.8386892676353455
633.2225341796875,61.97351837158203,4.803466796875,433.514404296875,0.8206539154052734
496.6800537109375,171.43353271484375,23.6104736328125,62.073455810546875,0.818842887878418
630.615234375,-53.0854377746582,18.3411865234375,401.6240234375,0.8167598247528076
560.6583862304688,110.98465728759766,8.08251953125,386.0215148925781,0.8103018999099731
580.54150390625,89.71231079101562,6.250244140625,425.2656555175781,0.764689028263092
637.2265014648438,89.27473449707031,3.36810302734375,458.3876953125,0.7592979669570923
217.5453338623047,187.39480590820312,19.541900634765625,38.658538818359375,0.758866548538208
