547.8623046875,177.6350555419922,19.91241455078125,47.11784362792969,0.9809245467185974
629.7442016601562,-16.286300659179688,19.3232421875,355.96490478515625,0.8689029216766357
544.10546875,115.8472671508789,5.9591064453125,420.6432800292969,0.8450027108192444
561.2800903320312,108.26290893554688,8.7384033203125,394.125732421875,0.820971667766571
631.6574096679688,67.59405517578125,5.37396240234375,423.71478271484375,0.8119192719459534
636.3673706054688,68.90631103515625,4.81378173828125,445.9896240234375,0.7859819531440735
92.57488250732422,142.8245086669922,11.947021484375,326.09722900390625,0.78385990858078
210.505615234375,191.95071411132812,21.091888427734375,42.87269592285156,0.7712827920913696
593.3839111328125,178.82666015625,7.2750244140625,428.03326416015625,0.7670029997825623
553.5802612304688,92.77401733398438,7.02593994140625,411.5038146972656,0.766927182674408
