628.9446411132812,-8.827743530273438,20.68731689453125,337.44281005859375,0.8792445063591003
636.2863159179688,92.88201904296875,5.30291748046875,414.7109375,0.8644276261329651
562.876220703125,112.16307067871094,5.510009765625,429.31988525390625,0.8476935029029846
543.2906494140625,177.24392700195312,18.89306640625,44.11732482910156,0.8356786966323853
633.7083740234375,64.48284912109375,4.57415771484375,431.97674560546875,0.8254268169403076
574.9838256835938,103.74175262451172,8.0264892578125,405.60247802734375,0.8184846043586731
506.62908935546875,185.01121520996094,19.31268310546875,43.717254638671875,0.798392653465271
130.85293579101562,131.3638916015625,13.239761352539062,301.06402587890625,0.7821100354194641
580.677978515625,179.26812744140625,8.33721923828125,420.117431640625,0.7782314419746399
138.9986572265625,135.8201141357422,10.88958740234375,349.7330322265625,0.7757543325424194
