549.31494140625,175.97103881835938,20.0870361328125,47.83549499511719,0.9823095202445984
627.7948608398438,3.3098459243774414,22.90631103515625,334.7439880371094,0.8675264120101929
518.740478515625,184.61154174804688,19.05987548828125,46.36665344238281,0.8647802472114563
554.4421997070312,113.41372680664062,5.676025390625,425.2001647949219,0.8454959988594055
499.01727294921875,123.74540710449219,11.011474609375,354.18365478515625,0.831318736076355
631.8992919921875,67.31050109863281,5.2239990234375,423.16156005859375,0.8041852712631226
527.1152954101562,175.47833251953125,19.91912841796875,47.37059020996094,0.7994070053100586
558.6325073242188,96.2035140991211,7.03497314453125,411.28857421875,0.7958319187164307
634.1700439453125,72.19795989990234,4.33258056640625,450.3882141113281,0.7906419038772583
21.897045135498047,203.32980346679688,21.012134552001953,39.51654052734375,0.7868940830230713
