449.15789794921875,186.85162353515625,16.69097900390625,36.20941162109375,0.969119668006897
545.0872192382812,176.8332061767578,21.469970703125,53.314697265625,0.91590416431427
465.8672790527344,189.83737182617188,17.275848388671875,40.1568603515625,0.8923235535621643
525.7689819335938,175.23422241210938,21.8804931640625,53.80751037597656,0.8900343775749207
512.38916015625,187.5987548828125,19.336181640625,49.6083984375,0.8417927026748657
631.621337890625,68.84343719482422,5.57476806640625,424.48382568359375,0.8335677981376648
531.7389526367188,112.3440170288086,6.29412841796875,419.6300354003906,0.831458568572998
415.4043273925781,192.8378143310547,13.308868408203125,26.9287109375,0.8084388375282288
609.468017578125,92.20772552490234,5.76947021484375,432.7695617675781,0.7806624174118042
635.3970947265625,76.48668670654297,5.50567626953125,432.9707336425781,0.7803878784179688
