426.36029052734375,149.78611755371094,30.54595947265625,68.16156005859375,0.848702609539032
440.5586242675781,151.6586151123047,32.479766845703125,76.06448364257812,0.8411109447479248
55.781524658203125,154.85076904296875,25.106002807617188,67.96110534667969,0.8268589973449707
61.15525817871094,154.90306091308594,25.913917541503906,69.51657104492188,0.8228452801704407
389.4234619140625,116.3875732421875,10.24639892578125,382.4170837402344,0.808535099029541
465.1963806152344,107.9746322631836,11.48773193359375,338.2039794921875,0.8064383268356323
87.99340057373047,155.3352813720703,23.549789428710938,63.5443115234375,0.802234947681427
174.42572021484375,135.85023498535156,10.766220092773438,343.329833984375,0.7976186275482178
550.0111083984375,182.98878479003906,8.93621826171875,393.12554931640625,0.796440601348877
73.73623657226562,156.15989685058594,24.607254028320312,65.9500732421875,0.7954375743865967
