65.9903564453125,155.19528198242188,25.26349639892578,69.46302795410156,0.8338032960891724
90.87191772460938,155.64590454101562,22.914085388183594,63.37477111816406,0.8297386765480042
79.6155776977539,157.04946899414062,24.302818298339844,65.84756469726562,0.825935423374176
487.4322509765625,103.02339172363281,11.4990234375,350.87579345703125,0.8253375887870789
55.04436111450195,155.58966064453125,25.290836334228516,68.80226135253906,0.8192704916000366
61.32009506225586,156.7340545654297,25.593875885009766,68.86019897460938,0.8137388229370117
430.382080078125,112.53260040283203,9.485626220703125,392.61309814453125,0.8042458891868591
565.42138671875,109.00646209716797,12.70367431640625,319.28741455078125,0.8041620850563049
195.00318908691406,136.48458862304688,10.267669677734375,346.471923828125,0.802780270576477
552.3441162109375,179.46800231933594,8.4708251953125,395.66412353515625,0.7990856170654297
