432.3328857421875,147.37774658203125,32.631683349609375,75.86680603027344,0.9306496381759644
438.08636474609375,149.9041748046875,33.140167236328125,76.38865661621094,0.8259756565093994
61.8323860168457,154.2873077392578,26.164348602294922,70.55844116210938,0.8148074150085449
55.925567626953125,154.18275451660156,25.72673797607422,69.26490783691406,0.8103489279747009
414.1294860839844,111.29898834228516,9.832366943359375,391.6698913574219,0.802769660949707
198.09963989257812,137.10391235351562,10.221206665039062,347.7345275878906,0.7989490032196045
566.4742431640625,179.4510498046875,7.772705078125,403.597412109375,0.7952046394348145
596.4164428710938,90.69954681396484,10.342041015625,368.02459716796875,0.7879936099052429
481.78387451171875,103.00486755371094,10.9197998046875,352.4403076171875,0.7879077792167664
75.39299774169922,154.81764221191406,24.533767700195312,66.57252502441406,0.7838594317436218
