426.43707275390625,151.4673614501953,31.53662109375,68.13508605957031,0.8384551405906677
436.37451171875,152.06915283203125,33.31781005859375,76.02015686035156,0.8326459527015686
485.2494812011719,100.05489349365234,12.360687255859375,357.4579772949219,0.8310991525650024
56.785430908203125,155.62969970703125,25.25824737548828,67.86723327636719,0.830740213394165
61.206363677978516,156.3649139404297,25.734325408935547,68.69479370117188,0.8182032108306885
451.1495666503906,109.28253936767578,9.124053955078125,399.91802978515625,0.801624596118927
90.52490997314453,155.43923950195312,23.13037872314453,62.636505126953125,0.8011327981948853
540.6268920898438,112.44943237304688,14.5013427734375,297.95819091796875,0.7976121306419373
207.5167694091797,135.28138732910156,10.170547485351562,352.0577392578125,0.7961995005607605
77.91445922851562,156.91622924804688,24.20654296875,64.81791687011719,0.7938492298126221
