90.61077880859375,155.33802795410156,24.095787048339844,64.40679931640625,0.8434824347496033
57.032928466796875,155.2810516357422,25.72089385986328,68.24655151367188,0.8414615988731384
435.8324890136719,146.92042541503906,37.784423828125,82.88851928710938,0.834932267665863
61.86307907104492,156.16754150390625,26.165637969970703,69.14505004882812,0.8265575170516968
79.47006225585938,156.542236328125,24.882675170898438,66.42558288574219,0.8249691724777222
525.9728393554688,110.62664794921875,15.97247314453125,292.4037170410156,0.8213734030723572
479.8418884277344,99.91740417480469,12.278594970703125,355.39324951171875,0.8160260319709778
494.2799377441406,109.07721710205078,7.955841064453125,409.9600830078125,0.8080636858940125
102.63241577148438,153.04595947265625,23.74156951904297,59.957366943359375,0.8073905110359192
49.11975860595703,156.0680694580078,24.76183319091797,66.44825744628906,0.799237072467804
