630.2366943359375,125.5411605834961,9.5726318359375,69.5674057006836,0.8786634802818298
574.115478515625,185.40846252441406,7.1866455078125,398.4443359375,0.8380545973777771
253.86825561523438,102.0361099243164,17.312225341796875,300.35321044921875,0.8126651644706726
435.7158203125,110.56736755371094,12.962890625,319.93792724609375,0.8124324679374695
451.1827087402344,116.60517883300781,8.096099853515625,377.59783935546875,0.807371199131012
626.9863891601562,70.65533447265625,5.3701171875,424.177001953125,0.8037569522857666
571.4963989257812,134.95205688476562,21.53363037109375,52.49884033203125,0.8035650253295898
90.15120697021484,144.82940673828125,11.478706359863281,293.5999755859375,0.7974627017974854
605.2788696289062,133.77577209472656,23.18853759765625,67.43167114257812,0.7948784232139587
614.0175170898438,133.46046447753906,19.2550048828125,59.29768371582031,0.7932702898979187
