544.816162109375,134.68887329101562,24.82440185546875,65.50689697265625,0.9924761652946472
560.9315795898438,114.85795593261719,5.54248046875,420.0220947265625,0.8343019485473633
484.3287353515625,145.15872192382812,18.12408447265625,44.9166259765625,0.8275843262672424
439.4242858886719,150.1763458251953,16.863861083984375,40.16239929199219,0.8043890595436096
172.6444854736328,107.88235473632812,13.182403564453125,327.2320861816406,0.7994652390480042
619.2646484375,68.83699035644531,36.474365234375,197.49952697753906,0.7937241196632385
544.8045654296875,242.7024688720703,15.65863037109375,331.2364501953125,0.7787061333656311
605.717041015625,101.21675109863281,5.62078857421875,411.03961181640625,0.7728349566459656
571.81982421875,78.87371063232422,5.9619140625,422.832275390625,0.7719083428382874
635.0385131835938,60.81935501098633,3.74835205078125,452.3224182128906,0.7706032991409302
