307.37164306640625,162.4282989501953,20.58245849609375,53.34571838378906,0.87717604637146
451.8495178222656,152.9672393798828,20.653472900390625,42.29069519042969,0.873095691204071
509.4952697753906,114.98650360107422,6.616058349609375,401.074951171875,0.8284491896629333
298.10400390625,166.5799560546875,20.88330078125,49.8299560546875,0.8247993588447571
561.63330078125,103.98858642578125,7.80792236328125,378.087646484375,0.8141239881515503
591.3978271484375,182.05503845214844,6.71124267578125,415.47613525390625,0.8135259747505188
169.20016479492188,106.310302734375,12.62054443359375,318.447509765625,0.7993346452713013
329.9578552246094,163.36549377441406,22.2479248046875,51.99681091308594,0.7971879839897156
633.8291625976562,65.530517578125,4.31103515625,447.0133056640625,0.7888979911804199
605.4943237304688,130.96775817871094,9.94134521484375,211.24620056152344,0.7881340980529785
