552.0628662109375,174.07266235351562,16.81170654296875,47.59123229980469,0.9974343180656433
597.6122436523438,181.60643005371094,16.967529296875,44.89399719238281,0.9082104563713074
546.93359375,179.48779296875,14.31219482421875,40.539642333984375,0.900368869304657
595.800537109375,88.66960906982422,6.92584228515625,430.12451171875,0.8305544257164001
539.7222290039062,180.56541442871094,15.03802490234375,35.020172119140625,0.8143962025642395
636.2986450195312,45.58174514770508,6.64080810546875,407.92413330078125,0.8134633302688599
601.0595092773438,164.40655517578125,6.109130859375,440.001708984375,0.8077595233917236
624.7362060546875,170.87551879882812,13.4326171875,54.12950134277344,0.8030789494514465
544.238525390625,109.10252380371094,6.7840576171875,434.9637451171875,0.802344024181366
614.4437866210938,170.1527099609375,17.4024658203125,50.80052185058594,0.7654384970664978
