553.313232421875,172.29434204101562,20.18292236328125,48.19694519042969,0.9968889355659485
570.89306640625,181.7724609375,17.92022705078125,44.17955017089844,0.8494294285774231
550.6383666992188,176.6605682373047,16.22088623046875,43.03001403808594,0.8411421179771423
542.3896484375,112.98345947265625,6.37451171875,425.359619140625,0.821466326713562
621.54345703125,172.7066650390625,14.43267822265625,51.06462097167969,0.8209537267684937
563.0826416015625,101.42842864990234,7.5787353515625,392.2862854003906,0.8178204894065857
593.6563720703125,165.93380737304688,6.290771484375,431.2714538574219,0.8070873618125916
197.32484436035156,112.1327133178711,12.716949462890625,332.4432373046875,0.7959731817245483
631.0946044921875,71.05635070800781,5.7698974609375,422.609375,0.7866945266723633
637.8596801757812,30.40338897705078,4.09698486328125,452.56494140625,0.7811950445175171
