631.1328735351562,163.66954040527344,8.75848388671875,81.94349670410156,0.8580013513565063
540.7978515625,172.10206604003906,21.22265625,63.912353515625,0.8304848670959473
574.9673461914062,176.18682861328125,23.55633544921875,56.665740966796875,0.8176634311676025
528.6734619140625,113.72056579589844,7.25311279296875,423.52313232421875,0.8094305396080017
551.083740234375,201.99795532226562,9.41131591796875,386.5419616699219,0.8072037100791931
534.7315673828125,89.65550231933594,9.0870361328125,416.33001708984375,0.8045448660850525
527.6115112304688,107.20767974853516,11.4368896484375,380.7236633300781,0.8030951023101807
584.7493896484375,177.51235961914062,23.531494140625,59.43025207519531,0.8000956177711487
612.375,172.54037475585938,20.70489501953125,60.198974609375,0.7927889823913574
95.47120666503906,135.94215393066406,11.6334228515625,331.408203125,0.7925528287887573
