414.8634033203125,183.6407012939453,18.853668212890625,35.78218078613281,0.8252960443496704
531.1707153320312,110.35560607910156,9.56671142578125,373.1705322265625,0.8143364787101746
418.7265319824219,120.66079711914062,8.90350341796875,389.0010986328125,0.8123325109481812
591.24609375,175.2276153564453,21.46636962890625,54.398773193359375,0.8059864044189453
631.7990112304688,158.2881622314453,8.0037841796875,73.862060546875,0.8017057180404663
126.92520904541016,135.46636962890625,11.267326354980469,334.0137939453125,0.7888169884681702
563.214111328125,179.86416625976562,8.2960205078125,407.0351257324219,0.7852514386177063
435.13507080078125,101.70349884033203,10.566864013671875,365.59771728515625,0.7754364609718323
630.6714477539062,77.95515441894531,5.89337158203125,420.11181640625,0.7753397226333618
631.8977661132812,71.5336685180664,5.44317626953125,424.4862365722656,0.7704257369041443
