540.1390991210938,177.26962280273438,22.14581298828125,65.89659118652344,0.9314870238304138
527.3947143554688,180.23248291015625,20.45233154296875,58.07499694824219,0.8433619737625122
380.92510986328125,123.77926635742188,9.37017822265625,375.7969970703125,0.8271734714508057
515.5164794921875,118.58963012695312,10.49371337890625,360.4410705566406,0.8135324716567993
505.22637939453125,177.0140838623047,21.11724853515625,56.12542724609375,0.7972058653831482
563.2017211914062,175.4442138671875,7.991943359375,414.78515625,0.7965505719184875
471.025634765625,181.5147705078125,20.21209716796875,47.15028381347656,0.7748860716819763
635.28369140625,173.90745544433594,4.48931884765625,452.32220458984375,0.7736300826072693
436.1160583496094,105.80525207519531,11.0616455078125,369.26544189453125,0.7723686099052429
79.12600708007812,137.9954071044922,13.154609680175781,322.0269775390625,0.7710058093070984
