537.7859497070312,178.2633819580078,22.89306640625,66.36454772949219,0.8886936902999878
525.4661865234375,181.12281799316406,21.43377685546875,59.58720397949219,0.8437991142272949
519.3038330078125,178.07135009765625,21.174072265625,58.863128662109375,0.8323303461074829
313.65264892578125,127.5123291015625,10.50042724609375,360.34027099609375,0.8253743648529053
503.10186767578125,122.6478042602539,10.720458984375,351.3177795410156,0.8104847073554993
587.0538940429688,183.39706420898438,24.89117431640625,69.95423889160156,0.8068216443061829
565.51904296875,173.95620727539062,7.7991943359375,415.8168029785156,0.7984157800674438
568.3825073242188,185.9672393798828,25.40032958984375,64.64964294433594,0.7966611981391907
629.78857421875,-42.92884826660156,19.83111572265625,398.04522705078125,0.7823077440261841
37.258609771728516,189.22402954101562,29.031108856201172,56.1937255859375,0.7757606506347656
