482.19281005859375,179.9664764404297,20.756439208984375,49.366363525390625,0.8804751634597778
487.8446960449219,179.0930938720703,21.077117919921875,51.35169982910156,0.8761245012283325
96.16077423095703,183.61143493652344,20.458450317382812,39.20378112792969,0.8587440848350525
541.4390258789062,177.45230102539062,22.31085205078125,58.69160461425781,0.8380252718925476
626.1072387695312,71.72737884521484,7.37591552734375,410.04168701171875,0.8141953945159912
354.4859313964844,130.23501586914062,11.645721435546875,372.8987121582031,0.8033715486526489
553.386962890625,117.42686462402344,8.8797607421875,379.02264404296875,0.7857235074043274
635.939697265625,85.18717193603516,4.382568359375,454.7886657714844,0.7818618416786194
138.6036376953125,137.05467224121094,11.48284912109375,341.24774169921875,0.7816776633262634
96.4766616821289,137.7432403564453,17.008758544921875,269.8572998046875,0.7797840237617493
