570.413818359375,179.6568603515625,24.3095703125,59.79266357421875,0.944605827331543
579.93408203125,182.99879455566406,24.2080078125,59.61860656738281,0.8423696160316467
511.2929992675781,185.20489501953125,21.147369384765625,48.27992248535156,0.8223924040794373
558.0365600585938,113.80262756347656,6.6002197265625,434.9630126953125,0.8188912868499756
543.5897827148438,183.1742401123047,20.99114990234375,52.00408935546875,0.8097099661827087
627.5270385742188,171.07077026367188,11.26959228515625,82.78599548339844,0.8013243079185486
629.9938354492188,106.08903503417969,12.2138671875,267.31524658203125,0.7921568155288696
487.39031982421875,185.14495849609375,21.558990478515625,44.934173583984375,0.7763437628746033
189.18251037597656,137.31362915039062,10.144088745117188,354.7493591308594,0.7708168029785156
563.2257080078125,180.55955505371094,36.51580810546875,60.10877990722656,0.748232901096344
