453.70855712890625,181.3660125732422,20.2315673828125,51.07652282714844,0.9601103663444519
475.5043029785156,175.0842742919922,24.261566162109375,61.24040222167969,0.9321330189704895
485.3475646972656,175.97647094726562,23.137115478515625,59.364654541015625,0.8637968897819519
529.7266845703125,107.85304260253906,6.57659912109375,424.42291259765625,0.8302075266838074
534.3316040039062,179.73410034179688,23.19427490234375,58.65574645996094,0.8217079043388367
457.2756652832031,182.48248291015625,20.78948974609375,50.30799865722656,0.8208587169647217
631.9141845703125,66.0803451538086,5.67974853515625,432.57952880859375,0.8159655332565308
528.2166137695312,181.36981201171875,20.5928955078125,55.60595703125,0.8080562353134155
571.1759033203125,96.45033264160156,7.5921630859375,406.52191162109375,0.7984813451766968
593.2128295898438,179.8299560546875,7.6651611328125,428.8304443359375,0.7878004312515259
