559.8389282226562,186.29844665527344,23.87127685546875,50.91038513183594,0.8817097544670105
499.59014892578125,114.76457214355469,7.361297607421875,415.1370849609375,0.8457739949226379
567.8576049804688,95.93596649169922,7.81378173828125,404.091064453125,0.8407806158065796
80.1938705444336,178.1058349609375,22.49805450439453,52.43565368652344,0.8188779950141907
566.2001953125,178.29273986816406,8.2052001953125,413.76348876953125,0.8119736909866333
202.66629028320312,126.64259338378906,10.349838256835938,369.07879638671875,0.8074368238449097
56.279396057128906,180.5959014892578,25.861427307128906,52.20610046386719,0.8038484454154968
208.63650512695312,108.39057159423828,13.128173828125,342.95318603515625,0.8018748164176941
93.61585998535156,179.25869750976562,22.82489013671875,47.87300109863281,0.7763568758964539
135.77149963378906,175.430419921875,29.771392822265625,52.142486572265625,0.7745726704597473
