559.8375244140625,158.5658416748047,21.21221923828125,50.13282775878906,0.9920898675918579
219.16526794433594,172.408447265625,12.027969360351562,23.903274536132812,0.9486944675445557
21.786584854125977,181.94993591308594,30.41541862487793,58.535888671875,0.8248041868209839
306.2816162109375,166.37734985351562,16.408203125,48.56146240234375,0.8156954646110535
587.4633178710938,90.0642318725586,7.208984375,414.356201171875,0.8058456182479858
575.7535400390625,187.3739471435547,8.060302734375,408.0189208984375,0.7968248724937439
181.1287078857422,175.0023651123047,14.789169311523438,28.568603515625,0.7957011461257935
266.0187072753906,105.52960205078125,10.694793701171875,346.48223876953125,0.7934185266494751
529.891357421875,107.29177856445312,6.941162109375,424.7211608886719,0.784138023853302
617.3276977539062,43.735557556152344,43.08367919921875,240.22994995117188,0.7611170411109924
