540.5343627929688,169.81710815429688,25.347900390625,70.49972534179688,0.9872574210166931
436.8872375488281,176.60165405273438,14.584442138671875,30.712188720703125,0.952390193939209
468.0320739746094,174.43508911132812,21.8499755859375,53.547760009765625,0.8628343939781189
621.134765625,110.92672729492188,13.54754638671875,244.06060791015625,0.8309412598609924
550.9022827148438,104.6512451171875,5.8468017578125,428.263671875,0.8218086957931519
519.0975341796875,174.0556182861328,13.51995849609375,53.781402587890625,0.8092325925827026
501.968994140625,108.88976287841797,11.21392822265625,361.5633239746094,0.7990521192550659
623.5374755859375,121.52006530761719,15.87591552734375,324.1378173828125,0.796071469783783
584.6013793945312,185.20167541503906,8.97149658203125,418.9388427734375,0.7779850363731384
573.2164916992188,180.1521453857422,24.51727294921875,59.76005554199219,0.7758327126502991
