486.3177490234375,174.5906524658203,15.2164306640625,33.22314453125,0.9872373342514038
616.7481079101562,170.03207397460938,20.8511962890625,94.10140991210938,0.8626503944396973
578.5242309570312,105.67732238769531,5.3172607421875,441.87713623046875,0.8575242757797241
585.1668090820312,94.25296783447266,8.15576171875,424.4505310058594,0.8362482190132141
599.5089721679688,136.3616943359375,19.5487060546875,189.72958374023438,0.8207535147666931
624.1981201171875,-4.404258728027344,30.22760009765625,361.8583679199219,0.8194701075553894
629.987060546875,-110.44300842285156,11.48419189453125,414.09454345703125,0.8185998201370239
460.04913330078125,178.20851135253906,14.78948974609375,29.726150512695312,0.8169007301330566
571.4778442382812,184.7826690673828,8.232421875,415.2200927734375,0.795768678188324
463.0632019042969,179.77029418945312,15.942474365234375,33.49562072753906,0.791414201259613
