125.16116333007812,180.49496459960938,13.702850341796875,24.69378662109375,0.819610059261322
629.602294921875,-101.54366302490234,12.98980712890625,405.71331787109375,0.8190351724624634
443.62506103515625,176.87538146972656,17.751922607421875,34.915496826171875,0.808908224105835
121.81343078613281,180.2976837158203,14.373825073242188,25.353622436523438,0.7948600649833679
285.632568359375,137.50946044921875,8.211639404296875,362.08831787109375,0.7946043610572815
607.0347900390625,94.57240295410156,6.2845458984375,423.017578125,0.7890424728393555
286.0287780761719,102.44175720214844,12.595428466796875,356.001708984375,0.7781977653503418
545.1097412109375,-7.645325660705566,33.90350341796875,306.0572814941406,0.7726277709007263
498.28118896484375,75.9678726196289,71.07586669921875,186.02792358398438,0.77217698097229
626.0425415039062,73.01814270019531,8.0133056640625,401.7884521484375,0.756966233253479
