453.1605529785156,180.77687072753906,18.186737060546875,41.79716491699219,0.8357036709785461
426.58990478515625,131.01283264160156,8.62884521484375,382.07171630859375,0.8274430632591248
589.1321411132812,108.04411315917969,7.63818359375,407.9456787109375,0.8052869439125061
58.96654510498047,152.18333435058594,14.264854431152344,302.046142578125,0.7942089438438416
455.8096618652344,183.4443817138672,19.655914306640625,42.40528869628906,0.7908869981765747
624.42431640625,166.44483947753906,14.7008056640625,95.38740539550781,0.7781668305397034
89.7293930053711,164.3369598388672,14.929145812988281,234.9207000732422,0.7757425904273987
574.164794921875,200.92684936523438,8.9466552734375,394.4024353027344,0.7681853771209717
515.3716430664062,100.46276092529297,9.48712158203125,403.1608581542969,0.7645890712738037
637.8412475585938,113.57813262939453,3.9461669921875,451.37518310546875,0.763699471950531
