486.0794372558594,125.94888305664062,8.393951416015625,403.1849670410156,0.8296625018119812
560.0253295898438,110.98274230957031,9.05841064453125,391.50042724609375,0.8190127611160278
148.64369201660156,143.042236328125,11.078338623046875,336.5169982910156,0.8164193630218506
461.5478515625,185.36981201171875,22.364044189453125,39.86961364746094,0.8077859878540039
566.8889770507812,195.8029022216797,9.05169677734375,404.46343994140625,0.7983702421188354
622.7393798828125,80.18914031982422,8.9329833984375,400.12103271484375,0.7956061363220215
632.4302368164062,118.81028747558594,12.569091796875,263.00579833984375,0.7943722009658813
604.035400390625,-20.450550079345703,29.5750732421875,329.21148681640625,0.7748253345489502
539.807373046875,104.2099609375,9.79986572265625,416.72589111328125,0.773614764213562
175.86900329589844,129.89981079101562,13.656280517578125,311.3505554199219,0.7706851363182068
