149.32589721679688,181.87254333496094,14.05010986328125,33.84486389160156,0.9923146367073059
93.6399154663086,186.04708862304688,15.307411193847656,33.57899475097656,0.9822525978088379
592.67431640625,97.64871215820312,8.019287109375,423.1469421386719,0.8459944725036621
277.3932800292969,125.83970642089844,10.88531494140625,381.474853515625,0.8154189586639404
473.092041015625,122.3884506225586,9.4281005859375,411.4252624511719,0.8128538131713867
144.01425170898438,185.6241455078125,15.179718017578125,36.34519958496094,0.811221718788147
636.228271484375,64.50236511230469,6.6497802734375,416.888916015625,0.8071141242980957
551.5960083007812,89.26502990722656,7.2479248046875,416.18341064453125,0.8040584921836853
139.6832275390625,181.65249633789062,14.522689819335938,33.715606689453125,0.8033363223075867
545.6824340820312,200.6281280517578,10.32110595703125,390.62408447265625,0.7950062155723572
