58.597068786621094,186.9385528564453,23.521095275878906,30.983245849609375,0.881762683391571
49.841270446777344,186.85751342773438,20.862449645996094,31.809600830078125,0.8433271646499634
153.2718963623047,146.89495849609375,10.859390258789062,332.4960632324219,0.8244054317474365
45.34306335449219,186.99655151367188,19.196205139160156,31.630523681640625,0.7977041602134705
413.7889404296875,112.8199462890625,11.06591796875,349.3677978515625,0.7900084257125854
34.620094299316406,187.48793029785156,21.926490783691406,34.21012878417969,0.775214433670044
445.62176513671875,128.6221466064453,9.193878173828125,391.81756591796875,0.7734375
524.2622680664062,118.96688842773438,11.26849365234375,371.12347412109375,0.7682782411575317
631.1190185546875,144.3858184814453,9.31890869140625,119.41856384277344,0.7632964253425598
636.5343627929688,68.13053894042969,6.12896728515625,415.66680908203125,0.7571690678596497
