30.44546127319336,193.33502197265625,17.592864990234375,34.13941955566406,0.9818183779716492
521.3853759765625,246.0478515625,19.11590576171875,331.51434326171875,0.8578233122825623
531.9395141601562,103.49832153320312,15.33477783203125,389.156494140625,0.8431673645973206
561.7786865234375,121.49894714355469,7.08447265625,430.86505126953125,0.8394895195960999
557.8243408203125,96.11253356933594,8.561279296875,427.1060791015625,0.8263360261917114
626.1377563476562,65.10612487792969,13.95391845703125,373.71063232421875,0.8256725668907166
207.2299041748047,131.90652465820312,12.91290283203125,368.0246276855469,0.8244578242301941
213.84066772460938,129.89154052734375,18.346527099609375,332.1676025390625,0.8213998079299927
379.8445129394531,193.51315307617188,15.63323974609375,29.82183837890625,0.8001751899719238
91.99836730957031,193.56773376464844,21.007369995117188,87.48442077636719,0.7966142892837524
