418.1070251464844,198.56570434570312,16.72515869140625,27.6873779296875,0.8867185711860657
414.5592041015625,202.6416473388672,14.35845947265625,24.177703857421875,0.8555706739425659
631.9822387695312,128.08509826660156,13.52423095703125,280.66876220703125,0.8233885169029236
445.28924560546875,130.21652221679688,9.14031982421875,391.7325134277344,0.8100510835647583
187.71697998046875,136.093017578125,10.725555419921875,360.4054260253906,0.7996864914894104
607.2522583007812,98.95165252685547,6.285888671875,432.20068359375,0.7789736390113831
439.3770751953125,199.90380859375,19.4622802734375,35.328704833984375,0.7712517976760864
568.5140380859375,183.02845764160156,8.34844970703125,418.04461669921875,0.7687689065933228
635.4454345703125,63.857173919677734,8.19189453125,395.70758056640625,0.7672834992408752
184.39022827148438,128.44265747070312,13.572235107421875,324.0373229980469,0.7599923014640808
