337.9266357421875,141.61329650878906,11.082916259765625,363.43475341796875,0.8381766080856323
541.6844482421875,199.1988067626953,8.58795166015625,387.136962890625,0.825370192527771
566.382080078125,14.056949615478516,36.4608154296875,285.9095153808594,0.8237833380699158
72.23992919921875,152.0069580078125,17.63860321044922,315.37445068359375,0.8112260103225708
529.4459228515625,205.5560302734375,23.362548828125,45.879486083984375,0.8101521134376526
559.3401489257812,180.99179077148438,26.55328369140625,71.23507690429688,0.8086779713630676
592.5711059570312,105.63045501708984,7.5968017578125,416.6274719238281,0.8044192790985107
629.3565673828125,150.6754150390625,12.24713134765625,135.62960815429688,0.8036591410636902
634.6700439453125,101.25556182861328,5.31048583984375,443.7464599609375,0.7904152274131775
487.89404296875,-15.65643310546875,15.879913330078125,296.5721130371094,0.785060465335846
