635.3685913085938,92.66642761230469,4.73504638671875,445.263427734375,0.8179594874382019
364.06341552734375,132.7482147216797,10.238800048828125,371.31671142578125,0.8147832751274109
587.7257690429688,106.94693756103516,7.67266845703125,413.7852478027344,0.794526219367981
74.77383422851562,149.93299865722656,14.487480163574219,313.3853759765625,0.7881783843040466
614.0111083984375,111.53987121582031,11.5404052734375,364.51300048828125,0.7809349298477173
566.1736450195312,179.2051239013672,8.06207275390625,417.0330810546875,0.7696213722229004
507.6017761230469,100.97657012939453,9.268951416015625,400.3426513671875,0.7635011076927185
114.11780548095703,212.0789031982422,19.701148986816406,38.64247131347656,0.7622016072273254
615.68212890625,92.48129272460938,8.940185546875,355.1446228027344,0.7570546865463257
454.2681579589844,206.69522094726562,20.445770263671875,33.98847961425781,0.7545257806777954
