480.11151123046875,186.35968017578125,16.3916015625,36.648101806640625,0.9068018198013306
399.45123291015625,190.9163360595703,13.9385986328125,28.962188720703125,0.8872349858283997
410.81939697265625,192.803955078125,13.608551025390625,29.0303955078125,0.8826051950454712
414.30126953125,190.5568084716797,14.8455810546875,29.669113159179688,0.871331512928009
465.259033203125,120.2326889038086,8.238739013671875,405.5869445800781,0.8474975824356079
632.0841064453125,87.35999298095703,6.602783203125,435.77288818359375,0.8272813558578491
474.130859375,188.35174560546875,16.17645263671875,35.03462219238281,0.8195235133171082
616.853759765625,90.93001556396484,6.1693115234375,447.5291442871094,0.816983699798584
625.1917114257812,93.24942016601562,8.9105224609375,413.0047607421875,0.8112437725067139
636.5826416015625,-161.62867736816406,5.4210205078125,461.9041748046875,0.8056955337524414
