592.3847045898438,177.98355102539062,18.51123046875,49.98387145996094,0.9522031545639038
115.03953552246094,198.62326049804688,19.412673950195312,37.71070861816406,0.8577457666397095
611.59375,94.03543090820312,5.7958984375,435.7122497558594,0.8208503723144531
486.88189697265625,179.3204345703125,21.12481689453125,47.153717041015625,0.8098354935646057
457.3257751464844,122.10051727294922,8.33306884765625,399.137939453125,0.7950981259346008
167.3972930908203,131.7860870361328,10.611679077148438,357.48388671875,0.7912855744361877
182.66445922851562,120.74087524414062,13.100311279296875,329.4678039550781,0.7710866332054138
559.6519775390625,185.80308532714844,8.95123291015625,408.5450439453125,0.7700452208518982
398.9522705078125,189.50221252441406,14.62225341796875,32.07987976074219,0.7672606706619263
548.28271484375,92.1748046875,7.3822021484375,414.23199462890625,0.7663564085960388
