153.1625213623047,146.5240020751953,11.148910522460938,339.96307373046875,0.8088754415512085
494.3957824707031,120.20088958740234,8.044891357421875,412.6744689941406,0.801430344581604
575.69970703125,111.49298095703125,8.8953857421875,403.40191650390625,0.7802956104278564
537.8823852539062,201.96885681152344,10.02532958984375,390.362548828125,0.7627940773963928
574.7940673828125,97.00707244873047,7.47344970703125,426.00152587890625,0.7513775825500488
630.5798950195312,161.3162841796875,13.393798828125,155.17544555664062,0.7484567761421204
582.5659790039062,12.23844051361084,40.77105712890625,297.7636413574219,0.714649498462677
198.47024536132812,128.14508056640625,12.5006103515625,327.0724792480469,0.7108334898948669
181.53228759765625,164.83258056640625,21.97430419921875,165.59555053710938,0.7106955051422119
632.7149047851562,79.01215362548828,5.2735595703125,444.93145751953125,0.7084952592849731
