510.0588684082031,118.2315902709961,7.571502685546875,415.7931823730469,0.7970885634422302
160.19073486328125,138.46153259277344,10.998306274414062,350.55322265625,0.7904857397079468
562.3408203125,186.86842346191406,8.258056640625,407.8895263671875,0.7755979299545288
568.7232055664062,107.23179626464844,8.87457275390625,399.07794189453125,0.753148078918457
538.758544921875,187.40150451660156,19.069580078125,37.6571044921875,0.7314043641090393
628.9393920898438,-66.48976135253906,21.71051025390625,408.36065673828125,0.7255407571792603
564.810302734375,91.490478515625,7.8125,424.4632568359375,0.7199574112892151
212.50942993164062,124.03646087646484,12.599029541015625,325.7063903808594,0.7131078243255615
631.0105590820312,173.66513061523438,11.14227294921875,129.82382202148438,0.7098018527030945
218.79098510742188,204.01846313476562,21.274490356445312,36.10536193847656,0.6922842264175415
