569.45947265625,114.56368255615234,5.5479736328125,430.1818542480469,0.7884108424186707
310.9999694824219,134.68405151367188,8.049041748046875,377.6527404785156,0.776322603225708
611.55322265625,94.49089050292969,5.58966064453125,432.80230712890625,0.7744796276092529
590.6548461914062,188.90997314453125,7.02301025390625,413.57666015625,0.760819137096405
242.48550415039062,191.30435180664062,21.742950439453125,44.28216552734375,0.7432754039764404
524.0204467773438,185.87344360351562,16.18365478515625,37.539825439453125,0.7416952848434448
527.1697387695312,185.16131591796875,17.50762939453125,36.85386657714844,0.738785982131958
91.68000793457031,178.52139282226562,23.085769653320312,68.845947265625,0.7168887853622437
600.6380615234375,80.15650939941406,5.05010986328125,439.657958984375,0.7158383131027222
284.27911376953125,113.31938171386719,10.01336669921875,350.46087646484375,0.7090400457382202
