133.92019653320312,143.4299774169922,10.737411499023438,331.3431396484375,0.80839604139328
287.66790771484375,195.9784698486328,21.19964599609375,50.42730712890625,0.8038210272789001
572.90869140625,193.69346618652344,8.4705810546875,406.5540771484375,0.7874455451965332
205.18191528320312,136.84732055664062,13.863418579101562,311.5648193359375,0.7725741863250732
502.5326843261719,116.14625549316406,14.004302978515625,366.758056640625,0.7647990584373474
633.7952270507812,74.3916015625,8.654052734375,404.9704284667969,0.7613317370414734
37.806053161621094,211.1063995361328,16.536426544189453,47.53273010253906,0.7532881498336792
625.838134765625,183.10292053222656,11.927490234375,73.66279602050781,0.7510044574737549
460.0201721191406,188.82139587402344,21.564117431640625,40.93571472167969,0.7446643114089966
548.9287109375,99.67403411865234,8.09039306640625,407.1492004394531,0.7401800155639648
