416.8795166015625,186.63311767578125,23.7591552734375,66.80740356445312,0.8312016129493713
593.15673828125,99.15045166015625,7.56103515625,424.51934814453125,0.8303000926971436
470.98638916015625,122.59151458740234,9.873138427734375,414.6222839355469,0.8183936476707458
632.9073486328125,93.45441436767578,6.282958984375,445.17352294921875,0.811909556388855
196.2810516357422,131.9636688232422,10.761459350585938,366.91998291015625,0.8041755557060242
544.9310913085938,98.03495788574219,8.33465576171875,421.295654296875,0.794994592666626
560.2111206054688,185.7539520263672,11.6318359375,411.25238037109375,0.7899541854858398
610.2177734375,-32.501007080078125,23.16943359375,370.8497009277344,0.7837163209915161
123.54214477539062,140.1846466064453,17.327011108398438,304.89813232421875,0.7777643799781799
637.034423828125,80.60662078857422,4.22747802734375,455.466064453125,0.7691143751144409
