557.5418701171875,143.5460662841797,52.0460205078125,138.3076629638672,0.9958926439285278
129.27880859375,203.6926727294922,16.881851196289062,36.07037353515625,0.870153546333313
399.08868408203125,201.00131225585938,19.479736328125,47.75813293457031,0.8469076752662659
559.5441284179688,211.67233276367188,9.09564208984375,376.5271911621094,0.8278502225875854
627.6016235351562,154.2798309326172,12.17376708984375,112.82505798339844,0.8267961144447327
623.1480712890625,155.96697998046875,15.47076416015625,191.26614379882812,0.8248091340065002
570.3790893554688,-1.6611671447753906,30.18365478515625,299.43414306640625,0.8127086758613586
432.54681396484375,140.4671630859375,10.277862548828125,378.649169921875,0.8073807954788208
634.4440307617188,93.03278350830078,5.4656982421875,449.51666259765625,0.8046737313270569
84.8970718383789,186.04669189453125,17.261505126953125,205.06982421875,0.7907335758209229
