545.54638671875,207.53221130371094,9.776611328125,384.25006103515625,0.8826115727424622
630.238037109375,75.59332275390625,6.1910400390625,422.7204284667969,0.8465485572814941
586.3404541015625,100.93501281738281,8.60101318359375,425.0938720703125,0.8458138108253479
474.7445373535156,122.2587661743164,8.7283935546875,411.7541809082031,0.8375131487846375
232.40980529785156,134.12857055664062,10.653793334960938,375.69964599609375,0.8274800777435303
628.0547485351562,84.02680206298828,7.61737060546875,422.32220458984375,0.798686683177948
620.1397094726562,93.41132354736328,8.2496337890625,418.72320556640625,0.795353889465332
636.319580078125,95.6534652709961,4.216552734375,451.6556091308594,0.7943719029426575
556.4768676757812,84.95018005371094,7.734375,433.2314453125,0.7937588691711426
25.979305267333984,193.01412963867188,22.834701538085938,85.23257446289062,0.792492687702179
