81.02462005615234,202.12908935546875,15.787254333496094,29.823074340820312,0.9622799158096313
558.1275634765625,111.4003677368164,9.564453125,396.763427734375,0.8371079564094543
498.76043701171875,126.03237915039062,8.440643310546875,412.0097351074219,0.819768488407135
497.89752197265625,222.42051696777344,14.077606201171875,361.033935546875,0.8185648322105408
85.20885467529297,144.9534912109375,12.878952026367188,327.17095947265625,0.8026568293571472
631.4057006835938,142.81918334960938,13.87835693359375,211.90664672851562,0.7837154269218445
628.380615234375,87.16215515136719,7.06219482421875,416.98284912109375,0.7827371954917908
540.8140869140625,102.11739349365234,9.68695068359375,423.8453063964844,0.774905264377594
154.0579071044922,196.7567596435547,22.8668212890625,40.809173583984375,0.7731232643127441
594.4326171875,-12.315230369567871,34.5269775390625,326.724365234375,0.7600777745246887
