628.9937133789062,75.99609375,7.21533203125,426.86712646484375,0.8468631505966187
482.6676940917969,262.7535705566406,24.583892822265625,310.8286437988281,0.8400239944458008
625.2459106445312,87.55900573730469,8.12359619140625,413.17974853515625,0.8320766091346741
229.99481201171875,131.83016967773438,12.327651977539062,376.89239501953125,0.8288379907608032
537.8368530273438,126.82891845703125,8.31787109375,425.5166015625,0.821989119052887
589.6018676757812,97.48446655273438,10.56610107421875,429.0917053222656,0.8206512928009033
614.62158203125,104.96160888671875,8.9478759765625,397.74639892578125,0.8102638125419617
572.3565673828125,94.1302719116211,7.4195556640625,428.3652648925781,0.8092601895332336
161.98760986328125,177.41941833496094,22.39501953125,146.12794494628906,0.7920801639556885
238.22659301757812,127.319580078125,16.583969116210938,349.7556457519531,0.7884351015090942
