596.8001708984375,170.88046264648438,7.73211669921875,436.6053771972656,0.8262859582901001
632.1582641601562,123.0401382446289,13.04290771484375,260.531494140625,0.8221849799156189
613.3255615234375,138.25901794433594,11.7027587890625,274.5198974609375,0.8175255060195923
588.1976928710938,97.98707580566406,7.79486083984375,422.095703125,0.8172776699066162
627.3802490234375,82.65701293945312,7.354736328125,420.7953796386719,0.8071809411048889
487.1393127441406,119.79727935791016,9.208221435546875,418.5663146972656,0.7985966801643372
635.2907104492188,84.5384521484375,4.899658203125,454.349853515625,0.7910407185554504
170.24400329589844,133.5889129638672,11.5345458984375,356.18524169921875,0.784727156162262
636.6411743164062,107.08076477050781,5.609130859375,435.78900146484375,0.7747178673744202
445.7248229980469,189.89178466796875,22.233673095703125,49.16902160644531,0.7698083519935608
