458.0917053222656,183.65267944335938,26.386932373046875,56.91188049316406,0.9968364238739014
294.1416015625,146.40988159179688,14.124359130859375,354.95703125,0.8311690092086792
551.39599609375,115.47418975830078,11.1180419921875,393.49835205078125,0.8219706416130066
451.59100341796875,107.54750061035156,11.132965087890625,374.1572265625,0.7986078262329102
35.74650573730469,200.08726501464844,27.14850616455078,48.948272705078125,0.7940471768379211
80.76546478271484,149.35098266601562,13.48699951171875,317.1964111328125,0.7927838563919067
630.653564453125,130.2140350341797,15.64251708984375,261.8829345703125,0.7903821468353271
637.5408325195312,89.61662292480469,3.614501953125,457.82818603515625,0.7835169434547424
627.9606323242188,83.78837585449219,7.38494873046875,419.7789306640625,0.7769579291343689
433.2691650390625,235.3909912109375,18.23858642578125,322.04986572265625,0.7740039825439453
