407.47625732421875,184.78807067871094,28.316436767578125,59.89723205566406,0.995675265789032
382.4627990722656,185.96804809570312,26.28326416015625,57.23809814453125,0.9954124093055725
389.38372802734375,188.44744873046875,21.768035888671875,51.16621398925781,0.8617008924484253
448.8033447265625,127.69487762451172,9.915679931640625,402.72003173828125,0.8341625332832336
606.932373046875,94.52347564697266,7.7275390625,432.3680114746094,0.8243838548660278
631.4371337890625,116.32266998291016,14.4031982421875,287.10565185546875,0.8197797536849976
532.2767333984375,205.2712860107422,12.8624267578125,383.3614501953125,0.8016656041145325
118.86381530761719,141.96109008789062,11.87158203125,337.62481689453125,0.7895005941390991
474.0494079589844,104.77120208740234,10.33966064453125,385.7008361816406,0.7885027527809143
123.20954895019531,193.99864196777344,22.353286743164062,37.742584228515625,0.7813411355018616
