570.8128051757812,154.64089965820312,22.97698974609375,80.45030212402344,0.8528216481208801
549.4750366210938,146.9404754638672,26.34063720703125,94.36283874511719,0.8321511745452881
270.872802734375,179.24923706054688,26.0604248046875,108.000732421875,0.823923647403717
631.5996704101562,143.4958038330078,8.60101318359375,100.87626647949219,0.8189430236816406
523.32568359375,159.2637481689453,30.56536865234375,89.98451232910156,0.8187887072563171
142.6034698486328,200.069580078125,26.074752807617188,68.98709106445312,0.8068413138389587
143.05462646484375,153.65072631835938,11.815216064453125,321.7159729003906,0.8045558333396912
387.5813293457031,130.10057067871094,9.934539794921875,374.69696044921875,0.800321102142334
155.42852783203125,194.1234130859375,26.1519775390625,73.78628540039062,0.7991235256195068
585.5299072265625,159.60523986816406,22.76141357421875,73.14485168457031,0.798882007598877
