573.09521484375,107.49163818359375,8.28546142578125,400.86981201171875,0.823346734046936
634.5972290039062,89.89250946044922,5.40301513671875,447.78271484375,0.8134481310844421
480.3143615722656,121.22747802734375,8.375946044921875,405.811279296875,0.8108540773391724
536.06787109375,192.5737762451172,9.23974609375,395.0382080078125,0.8061004877090454
121.32838439941406,142.0995330810547,12.088104248046875,335.158203125,0.7992939352989197
617.9248046875,83.03189086914062,9.23675537109375,386.7298583984375,0.7951241135597229
610.4312744140625,104.49710083007812,10.1385498046875,361.0639953613281,0.7851738929748535
637.3626098632812,55.025997161865234,4.821533203125,440.821533203125,0.7842605710029602
565.0606689453125,92.93372344970703,7.45819091796875,425.54168701171875,0.7744770646095276
157.10939025878906,192.84010314941406,19.919998168945312,36.34025573730469,0.767802894115448
