461.68292236328125,176.0043182373047,23.520751953125,60.39988708496094,0.8856600522994995
451.211181640625,181.35145568847656,25.211700439453125,60.06706237792969,0.8435412645339966
633.9490356445312,83.8936767578125,5.07476806640625,441.33892822265625,0.839715301990509
324.8291320800781,127.47274780273438,10.802154541015625,366.4792175292969,0.8316643238067627
482.7888488769531,176.20831298828125,23.060821533203125,58.04234313964844,0.822856068611145
626.4320068359375,92.29592895507812,10.20068359375,381.0987854003906,0.8190900683403015
629.4521484375,161.66921997070312,10.2003173828125,123.43316650390625,0.817042350769043
408.4063720703125,179.82980346679688,22.855224609375,58.03956604003906,0.8152285218238831
513.9136962890625,177.95989990234375,23.41229248046875,59.53013610839844,0.8120424747467041
610.9917602539062,82.04438018798828,9.22265625,372.1507873535156,0.8090296387672424
