524.8822631835938,167.1571807861328,19.47607421875,53.83941650390625,0.8793118596076965
628.9139404296875,132.3213348388672,11.43829345703125,210.90602111816406,0.8290662169456482
520.9758911132812,119.31840515136719,7.50909423828125,418.124267578125,0.827271580696106
530.0090942382812,165.40069580078125,19.74237060546875,54.05390930175781,0.8019533157348633
630.6981201171875,-23.644851684570312,17.6741943359375,357.5545654296875,0.7984387874603271
145.84779357910156,136.9530792236328,10.142822265625,343.03936767578125,0.7973166704177856
608.3341674804688,103.6016616821289,5.98760986328125,422.5248107910156,0.7893598675727844
463.8210754394531,170.62110900878906,20.02569580078125,47.61572265625,0.7805697917938232
394.76953125,122.537841796875,10.5152587890625,367.677490234375,0.7789598107337952
636.8344116210938,76.61853790283203,4.67620849609375,448.53460693359375,0.7732377648353577
