569.302734375,117.25962829589844,53.3170166015625,229.5140838623047,0.8560158610343933
631.564453125,60.514225006103516,6.00213623046875,434.3795166015625,0.8463416695594788
637.7514038085938,100.91728973388672,4.06085205078125,455.43011474609375,0.8408892750740051
499.3744201660156,118.39181518554688,7.787109375,410.5998840332031,0.8395275473594666
512.2709350585938,135.55340576171875,56.4124755859375,161.7484130859375,0.8252432942390442
596.4821166992188,97.86385345458984,6.42218017578125,417.0517883300781,0.8155795335769653
568.37451171875,194.63372802734375,8.46240234375,401.1390380859375,0.8134647607803345
148.0760498046875,142.90093994140625,10.7012939453125,332.76751708984375,0.8063898086547852
557.91943359375,53.50313186645508,7.6920166015625,407.6991271972656,0.8058121800422668
249.91439819335938,130.18191528320312,12.879608154296875,320.2955322265625,0.8030526638031006
