501.6673278808594,153.841064453125,21.979034423828125,54.33441162109375,0.8693612217903137
511.9749755859375,155.5709228515625,22.396240234375,54.31758117675781,0.8641496300697327
529.2138061523438,153.97340393066406,21.9947509765625,55.65184020996094,0.8319409489631653
481.8046875,119.8314437866211,8.163909912109375,402.8718566894531,0.8205574750900269
633.475830078125,68.00738525390625,5.5142822265625,441.04150390625,0.8079168796539307
314.6954040527344,124.79364013671875,11.2052001953125,339.5501708984375,0.7920685410499573
152.44215393066406,142.48226928710938,9.742904663085938,330.2752685546875,0.7896316647529602
611.3985595703125,95.74359130859375,5.4163818359375,424.03448486328125,0.7887100577354431
634.5455932617188,43.11530303955078,5.63507080078125,429.6395263671875,0.7835214734077454
583.7921752929688,49.09197998046875,6.49896240234375,424.4536437988281,0.7823363542556763
