172.64889526367188,172.67677307128906,20.073272705078125,43.0191650390625,0.8440439105033875
477.5226135253906,120.96851348876953,11.787567138671875,331.67529296875,0.8385640978813171
131.96255493164062,143.00025939941406,12.252777099609375,319.71600341796875,0.8374649286270142
536.1364135742188,209.14376831054688,9.96258544921875,370.4342346191406,0.8138933777809143
334.8004150390625,116.15438842773438,11.32080078125,311.54107666015625,0.8094144463539124
631.883544921875,84.27503967285156,5.81756591796875,428.27899169921875,0.8052242994308472
450.7351379394531,126.0957260131836,8.52545166015625,383.8492126464844,0.8048602342605591
608.2647094726562,99.31452941894531,8.9986572265625,382.67425537109375,0.8011067509651184
25.001182556152344,177.7156524658203,19.528141021728516,38.36134338378906,0.7999330163002014
38.189964294433594,150.97406005859375,24.890052795410156,220.22113037109375,0.7994368076324463
