555.1753540039062,108.15036010742188,8.62066650390625,380.3350830078125,0.8540230989456177
616.6204223632812,91.802490234375,8.058349609375,354.3078308105469,0.8310349583625793
481.4186096191406,124.53007507324219,7.504486083984375,390.549560546875,0.826102077960968
152.08242797851562,141.4514617919922,11.33795166015625,330.90814208984375,0.8229630589485168
74.09639739990234,146.7161407470703,18.07689666748047,241.7978057861328,0.8159188032150269
636.8449096679688,68.80876159667969,5.5205078125,414.98773193359375,0.8108603954315186
564.8690185546875,189.75978088378906,8.40399169921875,400.3250732421875,0.8081914186477661
430.0291442871094,106.66371154785156,10.074554443359375,358.49969482421875,0.8062381744384766
632.638671875,88.4748764038086,6.84375,395.1607971191406,0.7969521284103394
630.1885986328125,170.54318237304688,12.80035400390625,119.13510131835938,0.788607656955719
