633.90478515625,105.180419921875,10.65032958984375,299.5737609863281,0.841562807559967
568.0787353515625,104.47056579589844,10.0577392578125,398.29620361328125,0.838415265083313
577.7741088867188,192.07083129882812,8.3763427734375,404.3324890136719,0.8374367952346802
51.445213317871094,174.758544921875,28.21501922607422,205.20635986328125,0.8335675001144409
166.47573852539062,142.3472137451172,14.881622314453125,338.20465087890625,0.8309967517852783
612.3230590820312,94.53945922851562,10.43865966796875,360.0052795410156,0.8286936283111572
46.737098693847656,178.95370483398438,17.56572723388672,34.99354553222656,0.825340747833252
560.9364624023438,126.06608581542969,7.10302734375,422.85809326171875,0.809783399105072
287.52557373046875,119.79380798339844,14.08709716796875,287.83343505859375,0.8058177828788757
467.387939453125,-1.533036231994629,12.24761962890625,272.9555969238281,0.7967413663864136
