472.47259521484375,170.26107788085938,15.857330322265625,39.52534484863281,0.8561002612113953
543.3213500976562,119.71404266357422,7.06689453125,423.99700927734375,0.8114079236984253
203.10081481933594,139.90835571289062,9.693038940429688,345.4980773925781,0.8101308345794678
467.03619384765625,172.25244140625,17.566009521484375,40.55204772949219,0.799704372882843
630.846923828125,140.8616943359375,13.7926025390625,188.97213745117188,0.7847226858139038
499.8365478515625,81.61705017089844,56.84967041015625,165.47084045410156,0.7834973335266113
490.0522155761719,169.47113037109375,16.7635498046875,41.155364990234375,0.78194659948349
635.6083984375,77.74169158935547,5.35870361328125,430.0387268066406,0.7787144780158997
608.6397705078125,100.37930297851562,6.32257080078125,415.2698669433594,0.7760220766067505
576.8468017578125,79.82456970214844,5.877685546875,426.716552734375,0.7686184048652649
