114.98460388183594,141.64254760742188,10.81451416015625,329.432373046875,0.8067982196807861
498.3345031738281,118.65296173095703,7.893280029296875,412.29931640625,0.803520143032074
628.4334716796875,82.49032592773438,5.9168701171875,429.9243469238281,0.800011157989502
600.1098022460938,100.4836196899414,7.58343505859375,415.9972839355469,0.7915730476379395
458.7880859375,100.41287994384766,10.12396240234375,369.3397521972656,0.7895805239677429
584.7112426757812,184.00816345214844,20.70574951171875,51.68486022949219,0.7834725975990295
633.1456298828125,86.7930908203125,7.3929443359375,414.22357177734375,0.7823660969734192
19.391721725463867,181.53553771972656,20.186494827270508,39.36198425292969,0.779609739780426
24.790111541748047,182.95452880859375,20.18790054321289,39.51953125,0.7711383700370789
37.26872253417969,145.040283203125,24.246139526367188,237.67218017578125,0.7667708992958069
