174.73876953125,201.41908264160156,12.25360107421875,25.367111206054688,0.929085910320282
584.837646484375,101.6234359741211,7.6287841796875,414.5683898925781,0.8170932531356812
407.9969482421875,129.0249786376953,10.398712158203125,389.84832763671875,0.8084467053413391
132.0106201171875,139.19549560546875,12.449905395507812,344.00909423828125,0.7963426113128662
578.87548828125,177.4484100341797,8.286865234375,425.156494140625,0.7895714640617371
620.5681762695312,190.84454345703125,15.93780517578125,63.235748291015625,0.7766271829605103
546.8440551757812,90.89434051513672,7.79962158203125,417.49993896484375,0.7724564075469971
152.48358154296875,174.8477325439453,20.812911987304688,152.7576141357422,0.7617248296737671
182.26809692382812,123.94248962402344,15.786178588867188,337.9735107421875,0.7608126997947693
163.45175170898438,204.5664825439453,12.252685546875,26.422607421875,0.7595512270927429
