117.7200927734375,196.57742309570312,14.74169921875,35.78050231933594,0.9773975014686584
537.4654541015625,188.1422882080078,19.7115478515625,42.99336242675781,0.9607744216918945
529.5174560546875,187.67454528808594,17.97857666015625,41.09461975097656,0.8955436944961548
624.5380859375,148.40512084960938,13.31097412109375,184.00250244140625,0.8428084254264832
610.2850341796875,96.21695709228516,6.91845703125,436.4904479980469,0.828330397605896
442.05352783203125,124.35215759277344,9.502716064453125,400.59197998046875,0.8214802742004395
542.3170776367188,-19.283037185668945,23.95758056640625,319.5494384765625,0.8196685910224915
160.027099609375,138.70152282714844,11.855209350585938,346.84478759765625,0.8130668997764587
553.87646484375,191.60272216796875,9.76318359375,401.78363037109375,0.8094468116760254
630.4088134765625,-52.712059020996094,18.6270751953125,378.62591552734375,0.8087494373321533
