444.84991455078125,178.7640380859375,15.246063232421875,33.7279052734375,0.9039227962493896
632.4375,137.90672302246094,11.8763427734375,202.65211486816406,0.8218785524368286
437.1554870605469,125.20497131347656,9.979095458984375,399.55767822265625,0.8205260634422302
621.0773315429688,87.6613540649414,5.5479736328125,445.0480651855469,0.8151656985282898
627.1867065429688,101.82080078125,10.466064453125,388.7994384765625,0.8142033219337463
162.20359802246094,136.90667724609375,11.05224609375,346.2549743652344,0.8033811450004578
630.36279296875,154.34405517578125,9.83001708984375,103.49990844726562,0.7887755036354065
635.4750366210938,-150.86814880371094,6.38897705078125,450.70367431640625,0.7851176261901855
567.6156005859375,183.88424682617188,10.6278076171875,419.4339904785156,0.784349799156189
523.8438110351562,184.8081817626953,24.9354248046875,62.12144470214844,0.7815693616867065
