430.5326843261719,182.77078247070312,15.661529541015625,35.283935546875,0.843288004398346
554.5504150390625,97.93354797363281,10.65753173828125,414.72064208984375,0.8410657644271851
632.8433227539062,115.0855941772461,12.52435302734375,292.3033752441406,0.824960470199585
158.29029846191406,135.1263427734375,11.696868896484375,347.1227722167969,0.8058062791824341
258.6450500488281,189.68753051757812,13.323516845703125,24.79229736328125,0.8055762648582458
412.068359375,122.48552703857422,10.481414794921875,399.82464599609375,0.7999037504196167
629.665283203125,87.89840698242188,5.8773193359375,432.3375549316406,0.7984111905097961
253.17156982421875,192.76336669921875,12.5570068359375,22.478347778320312,0.7977901697158813
84.00241088867188,188.33274841308594,22.63440704345703,36.86900329589844,0.7837473750114441
536.6279296875,89.56535339355469,7.92578125,412.32806396484375,0.7817414999008179
