542.199462890625,174.98928833007812,23.764892578125,55.6993408203125,0.951103150844574
499.05401611328125,177.97486877441406,19.68023681640625,46.98606872558594,0.9022548794746399
471.3841247558594,118.43312072753906,8.88458251953125,411.22052001953125,0.803885817527771
620.4156494140625,85.58010864257812,8.62640380859375,389.8905029296875,0.8032565116882324
424.16845703125,180.28439331054688,17.03240966796875,33.009796142578125,0.7904555797576904
143.63522338867188,131.7672576904297,11.26812744140625,351.803955078125,0.7717348337173462
628.2301025390625,-46.136226654052734,22.9119873046875,380.679931640625,0.767697274684906
508.8252258300781,75.85326385498047,69.06478881835938,192.3824462890625,0.76104336977005
599.5643310546875,95.57477569580078,6.86376953125,426.27264404296875,0.7606269121170044
154.47438049316406,116.06802368164062,15.550064086914062,328.88525390625,0.756199061870575
