361.97686767578125,190.81541442871094,20.06109619140625,34.38874816894531,0.9200466275215149
353.347412109375,191.76828002929688,19.761871337890625,38.75532531738281,0.8813867568969727
634.2354736328125,94.8193359375,10.50146484375,340.9153747558594,0.8428100943565369
616.3898315429688,109.4127426147461,14.38275146484375,334.22467041015625,0.8380326628684998
333.24725341796875,128.16448974609375,11.17822265625,367.544921875,0.8358421325683594
522.005859375,114.99807739257812,10.48779296875,371.3016662597656,0.8348273038864136
523.7799682617188,177.6700897216797,11.08233642578125,399.4473876953125,0.8256539702415466
630.2787475585938,87.85760498046875,6.7005615234375,429.5960693359375,0.8223682045936584
364.9093017578125,198.06661987304688,19.236572265625,34.49678039550781,0.8057296276092529
94.29829406738281,139.20191955566406,12.61053466796875,328.44696044921875,0.7982663512229919
