469.6635437011719,171.84091186523438,19.92706298828125,45.758392333984375,0.8422503471374512
455.19476318359375,115.61907196044922,17.39251708984375,361.0166320800781,0.8334142565727234
530.3179931640625,120.26055145263672,8.32220458984375,425.68670654296875,0.8326714038848877
488.001953125,169.90802001953125,20.945343017578125,49.947967529296875,0.8228653073310852
205.2517547607422,179.86083984375,15.695648193359375,27.560287475585938,0.8019507527351379
527.275390625,62.88389587402344,35.40679931640625,207.0932159423828,0.7880424857139587
623.2503051757812,89.94532775878906,7.817626953125,387.5792236328125,0.7810045480728149
19.69729995727539,153.14413452148438,19.07470703125,252.50640869140625,0.779338538646698
424.24700927734375,179.7283477783203,17.34375,33.479949951171875,0.7774385213851929
624.3804321289062,166.67796325683594,21.79449462890625,135.30934143066406,0.777040958404541
