149.064453125,187.02024841308594,20.129150390625,45.347442626953125,0.8827694058418274
104.68048095703125,191.15805053710938,17.53681182861328,38.365997314453125,0.8673431277275085
629.714111328125,190.3974151611328,9.4337158203125,64.89833068847656,0.823470950126648
161.5774383544922,185.65367126464844,20.398666381835938,46.49336242675781,0.8234098553657532
144.06475830078125,187.03948974609375,18.936065673828125,45.4521484375,0.8065820336341858
483.5431213378906,117.31941986083984,8.81982421875,414.1069030761719,0.8035609126091003
613.1126098632812,94.89468383789062,9.48223876953125,399.13616943359375,0.7926057577133179
69.93193054199219,190.40025329589844,18.17212677001953,39.51318359375,0.7918797731399536
161.1253662109375,136.5050048828125,11.670578002929688,351.47930908203125,0.7902697920799255
516.3428955078125,219.8191680908203,13.51080322265625,361.8182373046875,0.7796270251274109
