439.34967041015625,187.7628173828125,17.063232421875,36.46705627441406,0.9742543697357178
218.3622589111328,191.64451599121094,12.395584106445312,25.466339111328125,0.9555174112319946
629.857177734375,-9.883918762207031,18.71893310546875,315.42950439453125,0.8919453620910645
455.09332275390625,191.52345275878906,15.216064453125,39.491363525390625,0.8644534349441528
561.4357299804688,176.83087158203125,17.08251953125,59.33984375,0.8639686703681946
618.3252563476562,91.22412872314453,8.86004638671875,380.2389221191406,0.8553504943847656
562.9094848632812,113.5277099609375,6.31610107421875,437.8555908203125,0.8392223119735718
42.346214294433594,181.81912231445312,25.88176727294922,71.38337707519531,0.818331241607666
635.41650390625,80.53079986572266,5.98681640625,437.5743103027344,0.8159645795822144
458.265380859375,82.84649658203125,12.811737060546875,341.7725524902344,0.7957512736320496
