505.6375427246094,183.27853393554688,15.621368408203125,47.6983642578125,0.9530389904975891
497.9413146972656,184.91122436523438,14.190093994140625,38.55854797363281,0.9415492415428162
439.4898681640625,188.6702423095703,15.35003662109375,31.0474853515625,0.9090487957000732
511.9401550292969,187.2058563232422,15.498138427734375,46.25321960449219,0.9014884829521179
502.1325988769531,189.9980926513672,16.774505615234375,44.169036865234375,0.8611769676208496
552.858642578125,100.3209228515625,8.875244140625,397.67279052734375,0.8456959128379822
443.3175964355469,116.90522766113281,9.032745361328125,401.88348388671875,0.8228353261947632
26.35574722290039,182.90330505371094,27.065753936767578,58.01617431640625,0.822674572467804
633.14306640625,76.3099594116211,4.7608642578125,448.0314025878906,0.8022136688232422
163.90968322753906,192.21142578125,24.043807983398438,43.615692138671875,0.8003778457641602
