131.40159606933594,185.85301208496094,14.719802856445312,32.45573425292969,0.9950697422027588
558.6158447265625,168.62525939941406,22.721923828125,71.55987548828125,0.9948288798332214
581.1144409179688,175.8945770263672,23.3802490234375,64.14236450195312,0.9917130470275879
416.2290954589844,183.77481079101562,45.888458251953125,46.48956298828125,0.8544856905937195
583.47802734375,116.77116394042969,5.52301025390625,441.86859130859375,0.8234397768974304
624.1558837890625,83.10189056396484,4.75213623046875,451.3092956542969,0.8059723973274231
370.6466064453125,187.72340393066406,12.276824951171875,25.66485595703125,0.8016136884689331
530.3739013671875,215.6400604248047,12.7093505859375,375.92083740234375,0.7881037592887878
366.7576599121094,186.6850128173828,12.859893798828125,26.797256469726562,0.7879756093025208
632.926025390625,86.36563110351562,6.9866943359375,410.80902099609375,0.7878320217132568
