423.9315185546875,178.71194458007812,37.88861083984375,87.10842895507812,0.9965419173240662
596.0531616210938,174.06640625,32.69732666015625,82.40072631835938,0.9739610552787781
457.5372619628906,185.7895965576172,26.73431396484375,64.75161743164062,0.8865819573402405
423.13653564453125,185.63348388671875,24.83245849609375,68.49568176269531,0.8391871452331543
589.71142578125,181.983642578125,28.43328857421875,68.5159912109375,0.824949324131012
634.539306640625,91.63849639892578,5.2220458984375,445.27471923828125,0.8151075839996338
632.8601684570312,-128.4643096923828,7.48016357421875,438.598388671875,0.8092275261878967
630.3074951171875,80.10224914550781,7.54534912109375,444.75543212890625,0.8025440573692322
453.3730773925781,133.25942993164062,17.779693603515625,347.4873046875,0.7991965413093567
473.8491516113281,119.8743896484375,10.110687255859375,419.37164306640625,0.7938905358314514
