601.9686279296875,175.82826232910156,31.156494140625,83.69117736816406,0.9681816101074219
623.9998779296875,88.31999206542969,7.92022705078125,398.271484375,0.8707432150840759
463.8843078613281,123.05228424072266,9.10791015625,409.3219299316406,0.8222388029098511
635.30224609375,88.43524932861328,4.7762451171875,446.41473388671875,0.8212618827819824
636.8801879882812,99.41438293457031,4.326171875,452.2496337890625,0.8136336207389832
598.3651123046875,179.7928009033203,26.06243896484375,66.88456726074219,0.8132362365722656
544.0466918945312,117.80154418945312,11.58612060546875,392.4875183105469,0.8025973439216614
634.005859375,-155.0775909423828,10.60992431640625,449.128173828125,0.7744041681289673
117.43122863769531,145.97329711914062,13.19866943359375,344.4621276855469,0.7712489366531372
540.3906860351562,196.90008544921875,10.5970458984375,395.95880126953125,0.7685401439666748
