601.6442260742188,176.53390502929688,31.21710205078125,84.18084716796875,0.9708277583122253
606.7369995117188,104.8419418334961,11.51873779296875,361.1532897949219,0.8676624894142151
634.5804443359375,90.66883850097656,5.51690673828125,445.95465087890625,0.8205786943435669
596.6693725585938,180.66159057617188,26.32373046875,67.50108337402344,0.8191642165184021
484.9312744140625,121.38184356689453,9.15655517578125,417.04241943359375,0.8032206892967224
529.2803955078125,122.91459655761719,12.4072265625,384.92803955078125,0.7990592122077942
632.02392578125,-126.65345001220703,10.49468994140625,435.8565673828125,0.7908328771591187
525.52685546875,197.82369995117188,10.41656494140625,393.7509460449219,0.7907198071479797
141.53089904785156,142.89382934570312,12.491607666015625,350.7998962402344,0.7893343567848206
509.8062744140625,184.6976318359375,29.2080078125,75.7330322265625,0.7874071002006531
