601.411865234375,175.4377899169922,31.1109619140625,85.19703674316406,0.9649173021316528
623.4401245117188,2.323465347290039,29.90203857421875,366.0700988769531,0.838951826095581
519.0628662109375,179.43910217285156,35.9635009765625,87.10975646972656,0.8235656023025513
523.8785400390625,183.8112030029297,29.99566650390625,69.149658203125,0.8143554329872131
515.7262573242188,118.50294494628906,8.19775390625,428.375244140625,0.8094660043716431
596.3890380859375,179.96043395996094,26.78472900390625,66.76614379882812,0.8010892271995544
558.237548828125,116.11332702636719,10.89202880859375,402.06268310546875,0.7995367050170898
551.7094116210938,187.25592041015625,9.47137451171875,407.15625,0.7936387062072754
633.6214599609375,-130.60870361328125,8.050048828125,443.3095703125,0.785396933555603
102.2770004272461,151.83477783203125,13.002876281738281,333.2167053222656,0.7831211090087891
