548.123046875,185.93031311035156,18.52642822265625,52.74696350097656,0.8388175368309021
568.5455932617188,118.8809814453125,6.0986328125,435.35174560546875,0.8178632259368896
607.759765625,98.68498992919922,6.38629150390625,434.3878173828125,0.7948240637779236
182.22286987304688,137.97763061523438,13.576416015625,306.6630554199219,0.791143000125885
419.54425048828125,99.59516906738281,15.562225341796875,304.7430419921875,0.7616986036300659
628.1997680664062,87.84908294677734,7.8115234375,427.3540954589844,0.7598451972007751
141.59393310546875,137.878662109375,10.586456298828125,352.7090759277344,0.7582900524139404
635.9349975585938,45.89200973510742,7.4725341796875,428.490966796875,0.7579538226127625
631.734375,90.73986053466797,8.319091796875,406.32122802734375,0.757640540599823
518.1875,189.1118621826172,26.0164794921875,53.62641906738281,0.7519258260726929
