541.233154296875,182.80413818359375,36.932373046875,99.44070434570312,0.9961106181144714
364.2916259765625,190.26344299316406,21.576904296875,60.84098815917969,0.8934041857719421
555.8718872070312,189.62303161621094,24.74603271484375,78.56523132324219,0.8160752654075623
624.9434814453125,91.91588592529297,8.62139892578125,408.4568786621094,0.8088829517364502
545.6526489257812,186.9554901123047,25.4888916015625,74.05653381347656,0.7988248467445374
132.90536499023438,146.40809631347656,11.957183837890625,336.303955078125,0.7937296628952026
635.3994750976562,98.5594482421875,5.0260009765625,448.81439208984375,0.7829589247703552
633.5677490234375,100.86016845703125,6.67462158203125,424.17340087890625,0.7772980332374573
535.13427734375,42.531402587890625,53.46551513671875,237.40084838867188,0.7732924818992615
151.84996032714844,147.15028381347656,14.869277954101562,291.396728515625,0.7710911631584167
