573.619140625,186.19039916992188,27.0364990234375,106.60079956054688,0.8539080023765564
626.7894897460938,95.5278091430664,7.735107421875,409.6363830566406,0.8504125475883484
532.3082885742188,179.57925415039062,31.08453369140625,96.91903686523438,0.8489929437637329
232.5133056640625,130.28973388671875,14.908340454101562,354.9151611328125,0.8320744633674622
628.655517578125,170.23818969726562,11.017822265625,123.53829956054688,0.8267051577568054
632.3064575195312,99.47314453125,6.611328125,414.56854248046875,0.8265335559844971
437.57696533203125,190.00387573242188,14.7349853515625,367.1214904785156,0.8237250447273254
289.49432373046875,143.4587860107422,24.03289794921875,274.89178466796875,0.820925235748291
261.70062255859375,111.8290023803711,16.55279541015625,334.7712707519531,0.8131164908409119
636.540771484375,112.30223083496094,5.6702880859375,428.7938232421875,0.8087597489356995
