412.0150146484375,183.3982696533203,24.970611572265625,78.05705261230469,0.8373892307281494
343.4440612792969,190.7047119140625,23.373016357421875,70.13250732421875,0.8255442976951599
403.80291748046875,187.19281005859375,23.37530517578125,72.43780517578125,0.8225522041320801
442.5299377441406,119.33139038085938,8.13623046875,391.5420227050781,0.8216943740844727
635.0652465820312,81.10971069335938,4.643310546875,448.1076965332031,0.8212936520576477
268.2525329589844,200.6904754638672,21.53564453125,61.97727966308594,0.8155584335327148
565.41064453125,108.14982604980469,7.96990966796875,390.78497314453125,0.8064785599708557
628.6754760742188,65.48716735839844,6.78759765625,429.75738525390625,0.7989436388015747
557.3302001953125,176.02809143066406,7.70147705078125,408.59326171875,0.7949994802474976
157.16848754882812,133.99085998535156,11.593475341796875,346.315185546875,0.7905431985855103
