504.190673828125,166.7425537109375,21.2646484375,59.07875061035156,0.9958149790763855
632.4456176757812,-35.798648834228516,14.4879150390625,375.24151611328125,0.8332344889640808
599.8267822265625,103.64248657226562,11.32244873046875,335.5352478027344,0.8310279250144958
566.4032592773438,114.37186431884766,6.1766357421875,435.0931701660156,0.8229174613952637
621.6509399414062,-80.59442138671875,11.70672607421875,375.0472412109375,0.817668616771698
632.4144287109375,78.93722534179688,4.94512939453125,439.5145568847656,0.8088313341140747
554.9466552734375,40.49089050292969,30.93743896484375,221.3453826904297,0.8085013031959534
500.0208740234375,172.55189514160156,23.89801025390625,57.682861328125,0.8065016865730286
599.3076171875,99.35258483886719,6.77459716796875,422.205322265625,0.7931586503982544
153.018310546875,186.48695373535156,14.123443603515625,29.447158813476562,0.791144073009491
