535.5740356445312,163.05966186523438,24.835205078125,62.96903991699219,0.9832069873809814
568.6420288085938,162.31326293945312,22.74835205078125,57.69697570800781,0.9745966792106628
346.7503356933594,103.01827239990234,19.453125,303.7834777832031,0.8304116725921631
550.4178466796875,104.34933471679688,8.19122314453125,383.3081359863281,0.8240432143211365
517.1909790039062,114.51075744628906,6.9228515625,414.02099609375,0.8235031962394714
629.3543090820312,80.2870101928711,5.362060546875,432.1817321777344,0.8138498663902283
45.26909255981445,167.69473266601562,35.44184494018555,108.16940307617188,0.8077950477600098
558.9256591796875,171.8220672607422,8.29345703125,420.24078369140625,0.8003547191619873
636.7796630859375,90.6395263671875,3.7891845703125,453.0001220703125,0.794134795665741
134.30860900878906,122.86520385742188,13.959457397460938,293.09149169921875,0.7896836996078491
