574.2112426757812,158.67510986328125,34.005859375,84.01533508300781,0.9958339929580688
631.825439453125,-111.37773132324219,9.4927978515625,410.24371337890625,0.8395276665687561
622.24560546875,164.7981719970703,14.2398681640625,77.58786010742188,0.8110069036483765
583.8602905273438,194.84835815429688,7.96209716796875,403.1773376464844,0.801848828792572
628.993896484375,73.14427185058594,5.7608642578125,433.9163818359375,0.789082407951355
566.6900634765625,96.19218444824219,8.55169677734375,396.6414794921875,0.7857807874679565
637.781005859375,84.11607360839844,3.0501708984375,453.9566650390625,0.7815539836883545
475.357177734375,167.4403076171875,19.822906494140625,49.90745544433594,0.7784819006919861
577.6836547851562,161.80860900878906,29.0369873046875,65.84902954101562,0.7762701511383057
536.8151245117188,112.38847351074219,6.79095458984375,425.9139404296875,0.7675459384918213
