517.7941284179688,179.5229949951172,17.593994140625,45.07109069824219,0.8644726872444153
570.4827880859375,97.45770263671875,7.6622314453125,402.83746337890625,0.8267881870269775
407.3406982421875,118.98080444335938,10.38079833984375,400.2181701660156,0.811713695526123
253.64996337890625,184.27723693847656,12.13897705078125,23.618118286132812,0.7983701229095459
172.31935119628906,132.4861602783203,10.67974853515625,351.41912841796875,0.795115053653717
544.712890625,182.5714569091797,18.90966796875,47.610260009765625,0.7950039505958557
488.2762145996094,87.3896713256836,9.015350341796875,396.156494140625,0.7861106395721436
524.8870239257812,179.7499237060547,19.07012939453125,47.85188293457031,0.7801901698112488
180.34652709960938,175.4157257080078,16.304962158203125,31.007308959960938,0.7724933624267578
636.0411987304688,89.45066833496094,4.6314697265625,455.25390625,0.7702999711036682
