535.1929321289062,112.84685516357422,6.41754150390625,420.2774658203125,0.8274897933006287
605.695068359375,90.14395141601562,5.44781494140625,424.4546813964844,0.8135457038879395
206.0527801513672,101.46735382080078,12.636795043945312,341.9025573730469,0.8010113835334778
635.176513671875,73.11486053466797,8.59844970703125,352.11376953125,0.7925897240638733
266.6134338378906,136.69142150878906,8.277801513671875,361.52362060546875,0.781687319278717
259.5111083984375,156.44390869140625,26.19451904296875,73.44146728515625,0.7750473618507385
50.09998321533203,150.6475372314453,26.908241271972656,81.39453125,0.7739052772521973
635.7178344726562,31.128530502319336,4.2015380859375,445.14202880859375,0.7734103202819824
560.5176391601562,76.76394653320312,6.15521240234375,418.6399841308594,0.7716144919395447
575.4635620117188,206.74095153808594,8.76226806640625,375.022705078125,0.7709565162658691
