214.4009246826172,173.23544311523438,13.926651000976562,25.05242919921875,0.9523367881774902
531.47119140625,111.07514953613281,6.76287841796875,424.68798828125,0.8295584917068481
224.193603515625,173.938232421875,13.936279296875,23.682785034179688,0.82063227891922
207.04736328125,172.7089385986328,15.179794311523438,28.622161865234375,0.8173699378967285
219.45205688476562,173.60459899902344,13.204620361328125,24.943649291992188,0.8092092871665955
183.91134643554688,105.04054260253906,13.704605102539062,340.59490966796875,0.8019522428512573
635.5269775390625,32.67028045654297,4.5574951171875,442.7796325683594,0.798407256603241
623.4570922851562,80.84312438964844,4.58935546875,444.37994384765625,0.7915551066398621
637.3916015625,84.61846160888672,3.340576171875,459.36358642578125,0.7883419394493103
226.63861083984375,133.0742950439453,9.24029541015625,358.04644775390625,0.7843233346939087
