208.71112060546875,172.0445098876953,14.162185668945312,28.63323974609375,0.8768987655639648
558.7974853515625,-60.17805480957031,10.882080078125,373.633056640625,0.8514829874038696
31.59579849243164,175.56521606445312,16.793743133544922,34.00508117675781,0.8480313420295715
626.9347534179688,73.94377899169922,7.14434814453125,400.61456298828125,0.8389390707015991
96.42471313476562,139.39637756347656,20.157608032226562,270.23736572265625,0.8362573385238647
548.64697265625,123.24937438964844,6.99017333984375,422.52545166015625,0.8349917531013489
215.35047912597656,134.07791137695312,11.237945556640625,353.3326416015625,0.8335731029510498
553.2207641601562,106.40772247314453,9.75079345703125,382.06817626953125,0.8272984027862549
568.0602416992188,225.44488525390625,12.53839111328125,357.02838134765625,0.8061974048614502
160.46142578125,174.53553771972656,14.236785888671875,25.8563232421875,0.7905590534210205
