237.44863891601562,181.46026611328125,14.64813232421875,28.418563842773438,0.8594725131988525
249.86663818359375,179.45675659179688,15.37200927734375,27.792160034179688,0.849759578704834
605.57177734375,176.2330322265625,7.29498291015625,433.79486083984375,0.8055412769317627
410.4481506347656,118.87079620361328,10.14068603515625,398.52874755859375,0.7977796792984009
155.12890625,133.76319885253906,10.848175048828125,344.64373779296875,0.7879590392112732
630.1746826171875,166.36866760253906,12.65484619140625,133.28245544433594,0.7870876789093018
613.885498046875,84.28524780273438,5.7232666015625,434.9244079589844,0.7810445427894592
246.19741821289062,183.6224822998047,15.62725830078125,28.732620239257812,0.7788590788841248
205.2706756591797,180.81109619140625,13.788558959960938,28.186111450195312,0.7702628970146179
150.35508728027344,177.11788940429688,25.255584716796875,55.302978515625,0.7697528004646301
