525.9591674804688,120.39888000488281,6.34881591796875,407.5880126953125,0.8292571902275085
125.21221923828125,124.99832153320312,14.313323974609375,289.202392578125,0.8064652681350708
601.4946899414062,100.05229187011719,5.73663330078125,409.41326904296875,0.7957282662391663
635.3157958984375,57.846893310546875,4.15386962890625,446.09722900390625,0.79253751039505
561.304443359375,232.0883026123047,12.4918212890625,348.58416748046875,0.7914451360702515
133.6798553466797,143.81288146972656,10.7662353515625,321.5916748046875,0.7899144887924194
37.08720779418945,174.13819885253906,19.96072769165039,41.35212707519531,0.7822586894035339
548.4369506835938,83.10630798339844,6.640625,406.670166015625,0.7664268016815186
637.2821044921875,93.76080322265625,3.42474365234375,454.2119140625,0.7567582726478577
633.4713134765625,127.4804458618164,9.66009521484375,183.19662475585938,0.7565608024597168
