518.8091430664062,114.432861328125,6.469970703125,411.6331787109375,0.8298072814941406
593.4558715820312,91.65798950195312,6.09088134765625,410.23992919921875,0.8159236907958984
112.35250854492188,109.81368255615234,14.888412475585938,301.6570129394531,0.8060919046401978
184.8632049560547,137.23696899414062,9.589736938476562,342.0133972167969,0.8015787601470947
577.155517578125,212.69497680664062,10.2781982421875,377.4039611816406,0.8010312914848328
504.01568603515625,78.96183013916016,8.251708984375,396.52606201171875,0.7671262621879578
635.4508056640625,57.039886474609375,4.04290771484375,441.796630859375,0.7560117244720459
638.1682739257812,43.4456787109375,3.43096923828125,449.0610046386719,0.7498249411582947
266.78607177734375,121.78267669677734,12.342620849609375,203.05233764648438,0.7418600916862488
121.4194107055664,163.68800354003906,24.138771057128906,49.19523620605469,0.738945484161377
