445.54315185546875,135.10165405273438,16.814697265625,44.7509765625,0.8444862365722656
594.5841064453125,169.16668701171875,5.559814453125,419.712158203125,0.8269926309585571
478.8273620605469,115.96827697753906,7.293853759765625,394.25830078125,0.8169124126434326
158.32891845703125,102.78887176513672,13.342239379882812,319.634765625,0.8158427476882935
572.0949096679688,91.30062103271484,6.79803466796875,392.8377380371094,0.8062447905540466
165.8133087158203,140.0093536376953,9.9658203125,326.177490234375,0.7869897484779358
634.9376220703125,47.78175735473633,6.1912841796875,401.5561828613281,0.7683779001235962
186.47996520996094,151.5154571533203,15.345535278320312,27.198806762695312,0.7564026117324829
408.3480529785156,88.90187072753906,10.8868408203125,356.6654052734375,0.7474802732467651
451.06488037109375,65.34732818603516,39.261993408203125,182.1309814453125,0.7405126094818115
