635.5624389648438,78.23697662353516,7.77923583984375,301.285400390625,0.8184459209442139
528.6717529296875,117.81769561767578,6.27008056640625,408.24029541015625,0.8080193996429443
164.90464782714844,150.1084747314453,10.462493896484375,322.56475830078125,0.7963702082633972
592.1405029296875,224.63864135742188,13.01324462890625,365.4077453613281,0.7777909636497498
134.67913818359375,118.67644500732422,14.088699340820312,297.5171813964844,0.7720631957054138
631.1400756835938,46.0482063293457,7.3575439453125,395.8139953613281,0.7529391050338745
607.55908203125,86.52045440673828,6.0592041015625,415.4622802734375,0.7454638481140137
450.15673828125,149.35614013671875,23.1298828125,54.373199462890625,0.7452454566955566
418.7142639160156,153.56475830078125,19.74639892578125,45.37872314453125,0.7439455389976501
585.5687866210938,78.10452270507812,5.8055419921875,427.1372375488281,0.7434054613113403
