342.6768798828125,159.51416015625,18.380279541015625,37.29051208496094,0.9643121361732483
627.6970825195312,149.66432189941406,12.1793212890625,94.31629943847656,0.8170031905174255
479.49566650390625,121.1912612915039,7.502197265625,394.0212707519531,0.8135982751846313
603.03564453125,94.13746643066406,6.43310546875,416.25634765625,0.7814132571220398
569.8783569335938,150.52960205078125,26.0780029296875,60.98870849609375,0.7741016149520874
109.17548370361328,144.18896484375,10.778350830078125,320.495849609375,0.7736878991127014
466.6787414550781,153.74234008789062,22.102569580078125,56.743255615234375,0.7719343304634094
87.96562194824219,125.68160247802734,16.983474731445312,284.4900207519531,0.7710968255996704
636.39306640625,58.56517028808594,5.90313720703125,397.387451171875,0.7557544112205505
597.103759765625,199.92237854003906,9.47003173828125,397.908203125,0.7516270279884338
