627.3240356445312,146.53819274902344,12.2552490234375,95.62519836425781,0.8285354375839233
541.3836669921875,128.5171661376953,6.3079833984375,403.60784912109375,0.8018790483474731
123.7460708618164,134.38922119140625,15.497322082519531,277.4318542480469,0.7912217378616333
165.2458953857422,151.76788330078125,10.289871215820312,319.3780517578125,0.7794790267944336
358.597412109375,149.84486389160156,22.97607421875,44.37689208984375,0.7788869738578796
537.7501831054688,149.8680419921875,25.3299560546875,62.01165771484375,0.777005136013031
568.1136474609375,149.00990295410156,25.64312744140625,62.85710144042969,0.776140570640564
340.4608154296875,152.5403289794922,21.68695068359375,41.578155517578125,0.7734645009040833
463.63079833984375,154.11819458007812,22.85614013671875,58.91218566894531,0.767255961894989
635.1943359375,73.68846130371094,7.2437744140625,356.34759521484375,0.7581844925880432
