561.499267578125,159.15675354003906,22.82049560546875,56.75244140625,0.8426201343536377
76.61817932128906,124.5771484375,15.0487060546875,280.7537841796875,0.791596531867981
530.0626831054688,124.7562255859375,6.059326171875,399.8778076171875,0.7845645546913147
589.81689453125,113.1068344116211,6.73760986328125,392.0309143066406,0.7646551728248596
583.6807861328125,10.88810920715332,28.48187255859375,257.59234619140625,0.7632296085357666
70.25366973876953,142.802490234375,12.210235595703125,316.5740966796875,0.7627593874931335
527.0128784179688,159.5781707763672,25.2955322265625,54.70674133300781,0.7580661773681641
507.5614013671875,93.0760726928711,8.3853759765625,393.3731384277344,0.7559286952018738
614.1625366210938,-49.7537956237793,32.52703857421875,315.63385009765625,0.7481851577758789
580.5465698242188,161.40011596679688,22.561279296875,64.81610107421875,0.7439591288566589
