512.1741333007812,120.81594848632812,7.59100341796875,412.2916564941406,0.8255146741867065
178.5457000732422,114.80477905273438,13.625152587890625,331.1929931640625,0.8030992150306702
449.04864501953125,160.8148956298828,24.31610107421875,59.908843994140625,0.7852188944816589
107.37306213378906,147.12261962890625,10.9071044921875,322.9231872558594,0.7817860245704651
637.4255981445312,108.60388946533203,4.60699462890625,445.420654296875,0.7680280208587646
273.32659912109375,141.0714111328125,13.390655517578125,316.476806640625,0.7607308030128479
456.138916015625,161.4534912109375,22.786407470703125,56.11181640625,0.7571526169776917
627.3392333984375,153.16053771972656,12.9630126953125,100.62744140625,0.7569016814231873
557.4019775390625,87.0784912109375,6.8817138671875,416.6166687011719,0.7544967532157898
635.0389404296875,62.73543930053711,7.8583984375,387.9974365234375,0.7474849224090576
