441.574462890625,164.57762145996094,22.698760986328125,58.617095947265625,0.8463905453681946
532.1862182617188,117.49384307861328,6.4527587890625,413.25164794921875,0.8238279223442078
153.8621826171875,116.85910034179688,13.827606201171875,315.5937194824219,0.805749773979187
447.7972106933594,163.72947692871094,25.228729248046875,63.31175231933594,0.8035712242126465
571.1133422851562,155.66238403320312,27.205078125,69.11967468261719,0.7987102270126343
456.6059875488281,163.13955688476562,23.238983154296875,61.384002685546875,0.791990339756012
132.435546875,144.0358123779297,10.785797119140625,331.70721435546875,0.7793511152267456
634.59326171875,71.03526306152344,7.9427490234375,356.41473388671875,0.7771302461624146
559.74072265625,88.60356140136719,6.97491455078125,418.4112548828125,0.7717667818069458
573.688720703125,227.70126342773438,12.09228515625,362.5422668457031,0.7645136713981628
