87.02713012695312,177.06002807617188,19.81683349609375,49.19691467285156,0.9167073965072632
119.44660949707031,179.09349060058594,19.631942749023438,42.19038391113281,0.8746544718742371
135.19105529785156,178.43727111816406,18.783828735351562,40.47380065917969,0.8702113628387451
75.8382339477539,175.02027893066406,20.2828369140625,51.458038330078125,0.8694450855255127
94.44725799560547,178.289794921875,19.70623016357422,45.35992431640625,0.8405047655105591
610.4744873046875,98.10267639160156,8.49505615234375,333.12738037109375,0.8379485011100769
586.8201904296875,100.92266845703125,7.0982666015625,407.6384582519531,0.8333531022071838
635.5234985351562,84.37451171875,4.60888671875,450.0040283203125,0.8324479460716248
460.7093811035156,118.42436218261719,8.427276611328125,400.921630859375,0.8308501839637756
129.53573608398438,178.8578643798828,18.925704956054688,42.100616455078125,0.8265820741653442
