136.49359130859375,186.9259033203125,23.025482177734375,50.395843505859375,0.902371883392334
127.25846099853516,186.9703369140625,22.51050567626953,50.85829162597656,0.8853983879089355
132.73663330078125,186.0570831298828,21.85308837890625,51.43043518066406,0.8506256341934204
94.66160583496094,190.03915405273438,21.867904663085938,46.97090148925781,0.8419973254203796
634.428466796875,87.2514419555664,5.19671630859375,443.6895446777344,0.835719108581543
563.8890991210938,180.17491149902344,8.04193115234375,413.67242431640625,0.8228108286857605
419.3700866699219,119.16992950439453,9.19769287109375,394.28948974609375,0.8172381520271301
205.01705932617188,188.024658203125,20.252105712890625,40.563232421875,0.8139378428459167
597.0996704101562,94.21804809570312,6.60052490234375,423.1525573730469,0.8109891414642334
128.05731201171875,133.9711151123047,12.421875,347.4986572265625,0.8043423891067505
