465.3302307128906,144.37196350097656,19.386138916015625,36.21769714355469,0.9017667174339294
415.1415710449219,147.07078552246094,20.619415283203125,35.09782409667969,0.9013771414756775
629.3958129882812,70.97687530517578,14.10430908203125,301.0252380371094,0.8742318749427795
175.53363037109375,89.04377746582031,12.94036865234375,347.680908203125,0.8030122518539429
584.5324096679688,161.96194458007812,6.3895263671875,423.8383483886719,0.7980311512947083
575.9473266601562,89.07158660888672,6.90142822265625,404.88818359375,0.794298529624939
636.5885620117188,77.49398040771484,3.63458251953125,455.1799621582031,0.7931498289108276
634.1282958984375,49.50249099731445,4.53118896484375,442.9508361816406,0.7901798486709595
405.60980224609375,108.4001693725586,8.904510498046875,389.7942810058594,0.7882552742958069
402.35052490234375,146.83328247070312,26.272979736328125,36.998687744140625,0.7858478426933289
