597.8672485351562,144.41835021972656,6.0782470703125,447.9383544921875,0.8138388395309448
209.24386596679688,80.97229766845703,11.760147094726562,359.98626708984375,0.7917605638504028
248.3473358154297,126.8080062866211,8.726119995117188,362.6723937988281,0.7835907936096191
632.329833984375,40.32896423339844,5.5657958984375,449.05865478515625,0.7811774611473083
492.92889404296875,95.29691314697266,7.529449462890625,419.4873962402344,0.7765995264053345
601.810791015625,70.85697937011719,5.67431640625,434.787841796875,0.772763192653656
387.1659851074219,96.99565124511719,39.480987548828125,174.06105041503906,0.7627097964286804
449.4578857421875,50.617610931396484,53.3404541015625,211.02752685546875,0.7598581910133362
188.77886962890625,114.53584289550781,50.07756042480469,122.30329895019531,0.7467901110649109
634.3497314453125,51.574745178222656,4.54168701171875,448.857666015625,0.7453433275222778
