184.06777954101562,180.80526733398438,19.729232788085938,35.758544921875,0.9624475240707397
352.5322265625,181.25730895996094,16.64239501953125,30.324264526367188,0.8775942325592041
479.7341613769531,180.43820190429688,18.30780029296875,36.390472412109375,0.8601210117340088
528.1802978515625,115.1434555053711,7.0411376953125,422.2289733886719,0.8454704284667969
357.9068298339844,181.48876953125,17.342529296875,30.558975219726562,0.8343614339828491
634.8038940429688,99.0041275024414,9.07171630859375,296.0672912597656,0.8091603517532349
540.9827880859375,179.8756103515625,16.8280029296875,42.3978271484375,0.7997722625732422
239.47181701660156,131.8921661376953,9.334060668945312,366.3690185546875,0.7840650677680969
364.9658508300781,183.91287231445312,16.721435546875,28.985977172851562,0.7795318961143494
527.330322265625,228.6187286376953,14.4906005859375,351.51519775390625,0.7794808149337769
