477.9272766113281,168.35560607910156,19.67559814453125,38.92633056640625,0.8777121901512146
520.2477416992188,110.36637878417969,6.5098876953125,416.31463623046875,0.8399748802185059
626.9859619140625,74.01350402832031,6.617919921875,403.22503662109375,0.8363132476806641
573.8748168945312,97.73609161376953,7.1881103515625,398.3699951171875,0.8191468119621277
580.2951049804688,177.4599151611328,7.24957275390625,417.90045166015625,0.8149518370628357
192.63897705078125,132.42283630371094,9.942886352539062,351.8160400390625,0.8126431703567505
559.9834594726562,80.11412048339844,6.55059814453125,422.02947998046875,0.7936635613441467
629.87255859375,-24.51949691772461,19.3504638671875,343.8695068359375,0.7903878688812256
633.7816162109375,118.40910339355469,10.04705810546875,233.4868927001953,0.7901037335395813
130.6088409423828,113.98774719238281,14.491592407226562,307.576904296875,0.7790912389755249
