565.1030883789062,118.30980682373047,14.4776611328125,330.35247802734375,0.8460444808006287
586.8238525390625,115.1784439086914,12.89312744140625,336.373779296875,0.8458741307258606
606.9090576171875,239.5858917236328,12.000244140625,335.79925537109375,0.8407461643218994
464.45013427734375,173.46803283691406,17.84112548828125,32.5821533203125,0.8368436694145203
628.2740478515625,116.7435302734375,15.98406982421875,275.52325439453125,0.8351665139198303
415.4527587890625,151.10931396484375,33.02911376953125,243.46047973632812,0.8092076778411865
368.26654052734375,130.7731170654297,11.648681640625,370.7684326171875,0.8072683811187744
590.4520263671875,97.5000991821289,8.118896484375,427.2362365722656,0.8049606680870056
441.9250793457031,218.31240844726562,13.875274658203125,340.6224670410156,0.8048146367073059
344.34417724609375,109.54173278808594,14.239959716796875,351.84307861328125,0.7935076951980591
