120.49497985839844,201.22650146484375,16.359420776367188,34.36114501953125,0.9451213479042053
84.29985809326172,205.24609375,18.142166137695312,33.2899169921875,0.8727420568466187
131.73208618164062,138.12571716308594,12.045669555664062,340.45947265625,0.8115524053573608
632.0952758789062,135.8161163330078,12.8653564453125,244.5588836669922,0.8107949495315552
315.0010070800781,146.07183837890625,13.17523193359375,354.6323547363281,0.8012188076972961
518.3838500976562,94.17503356933594,8.52593994140625,406.96124267578125,0.7943453788757324
141.201416015625,130.5819854736328,14.831283569335938,305.4031982421875,0.7900139093399048
358.2269592285156,249.0875244140625,21.830902099609375,302.67333984375,0.7895743250846863
637.5768432617188,54.812435150146484,4.50360107421875,444.8123474121094,0.7826141715049744
603.8925170898438,114.8854751586914,9.17718505859375,429.0038757324219,0.7740587592124939
