113.90049743652344,153.23887634277344,12.274932861328125,319.06976318359375,0.8131201267242432
470.40673828125,128.841796875,8.22998046875,395.099609375,0.7780753970146179
545.28466796875,123.73692321777344,10.427978515625,373.49224853515625,0.7584001421928406
615.0003662109375,103.28890991210938,9.876708984375,368.2547302246094,0.7560387253761292
629.4510498046875,143.8304901123047,14.9129638671875,204.6615753173828,0.7471762299537659
70.22917938232422,168.7523651123047,16.190208435058594,223.7292938232422,0.7448263764381409
114.60738372802734,200.26284790039062,19.53002166748047,34.97261047363281,0.7344846129417419
635.37939453125,101.44219207763672,4.9696044921875,443.4957275390625,0.7340848445892334
624.8145751953125,98.54373168945312,8.32525634765625,410.7784423828125,0.7234700918197632
600.607177734375,129.96405029296875,13.34552001953125,323.2953796386719,0.7178348898887634
