610.0679931640625,92.40921020507812,6.20208740234375,436.7955017089844,0.808264970779419
437.12457275390625,192.11093139648438,15.07391357421875,28.196304321289062,0.8029652237892151
423.4383544921875,124.95745086669922,10.29296875,397.8741455078125,0.8015226125717163
135.39938354492188,175.19607543945312,24.963394165039062,89.10379028320312,0.8004394769668579
123.6070327758789,169.95986938476562,25.973548889160156,114.5279541015625,0.7952039241790771
162.40866088867188,133.3427734375,10.900604248046875,350.8417663574219,0.7907644510269165
634.2249145507812,100.3506088256836,10.74639892578125,321.9241943359375,0.789014995098114
29.57288360595703,173.57765197753906,26.18122100830078,84.43070983886719,0.7880237102508545
634.8630981445312,70.5130844116211,4.581298828125,444.1719055175781,0.784874439239502
146.6559295654297,186.26992797851562,24.999038696289062,66.94813537597656,0.7840365171432495
