304.2913818359375,180.1343994140625,13.36212158203125,22.055648803710938,0.8998851776123047
378.4582824707031,178.42506408691406,17.46636962890625,30.049072265625,0.8829681277275085
633.7402954101562,120.86007690429688,10.817138671875,258.9517517089844,0.8207502961158752
452.7568054199219,118.86597442626953,9.896942138671875,409.24786376953125,0.7956975698471069
303.2734375,181.4148712158203,12.3221435546875,23.821563720703125,0.7931748628616333
138.31344604492188,187.75686645507812,23.499237060546875,38.85504150390625,0.7896082997322083
381.58831787109375,181.983154296875,22.228851318359375,37.338836669921875,0.7884228825569153
595.1493530273438,172.61215209960938,7.99127197265625,431.0935363769531,0.7871761322021484
605.1569213867188,92.58995819091797,6.23773193359375,428.99334716796875,0.780552089214325
197.7275390625,130.3960723876953,9.989669799804688,359.88861083984375,0.7799682021141052
