634.8079833984375,97.22390747070312,9.458984375,313.64215087890625,0.8013468384742737
494.3724365234375,117.37296295166016,7.693115234375,409.0010681152344,0.8009634017944336
56.23802185058594,181.23304748535156,17.76787567138672,33.12103271484375,0.7991438508033752
213.8371124267578,135.64163208007812,9.630050659179688,353.8415222167969,0.7910818457603455
615.9532470703125,85.57942199707031,5.588623046875,436.72869873046875,0.7904489636421204
41.4869384765625,180.35211181640625,20.113842010498047,34.7445068359375,0.785430908203125
61.81086730957031,182.26329040527344,17.42902374267578,32.752777099609375,0.7837546467781067
20.668148040771484,176.84519958496094,21.935993194580078,55.749603271484375,0.7692434191703796
46.48463439941406,181.9860382080078,19.54595184326172,34.60676574707031,0.7691815495491028
150.66912841796875,109.87189483642578,14.290359497070312,332.328125,0.7656486630439758
