285.0742492675781,164.70823669433594,13.359527587890625,24.779037475585938,0.8941519260406494
534.6209106445312,111.75730895996094,6.65557861328125,423.33673095703125,0.8244969844818115
604.60595703125,38.97711944580078,5.32379150390625,436.6409606933594,0.7938862442970276
612.89697265625,184.3177490234375,5.9068603515625,424.41070556640625,0.7868309617042542
632.4692993164062,33.523406982421875,8.05780029296875,408.55755615234375,0.784493088722229
150.07992553710938,148.8612060546875,26.284149169921875,112.7879638671875,0.7833800315856934
221.5615234375,141.88516235351562,9.329681396484375,347.7066955566406,0.7815700173377991
368.0334777832031,113.47882843017578,9.82086181640625,357.29998779296875,0.7791959643363953
40.36450958251953,165.781005859375,25.483375549316406,59.96803283691406,0.7791481614112854
48.652984619140625,170.6275634765625,22.713470458984375,54.13398742675781,0.7778334021568298
