571.4161987304688,115.06216430664062,5.5845947265625,432.5883483886719,0.8295398354530334
565.5072021484375,172.400146484375,29.311767578125,58.354400634765625,0.8222697973251343
569.296630859375,47.117427825927734,6.7982177734375,406.0664367675781,0.7878156304359436
243.80722045898438,147.6208038330078,9.60205078125,345.966796875,0.7867199778556824
353.51947021484375,148.6046905517578,22.5679931640625,77.26678466796875,0.78585284948349
172.634033203125,115.5619125366211,14.545974731445312,320.51226806640625,0.7770578265190125
326.4181213378906,117.16091918945312,10.100616455078125,337.8321228027344,0.7688925266265869
601.4959106445312,173.07278442382812,22.27435302734375,64.47798156738281,0.7667248249053955
575.9038696289062,79.8791732788086,5.4781494140625,422.8302307128906,0.7649582028388977
368.3388671875,155.48414611816406,19.576629638671875,27.451004028320312,0.7514994144439697
