430.23114013671875,147.90939331054688,18.293060302734375,41.08500671386719,0.830446720123291
534.9171752929688,114.48502349853516,6.09930419921875,410.4123840332031,0.8209514021873474
14.158435821533203,156.13174438476562,15.32534408569336,79.77378845214844,0.8171772360801697
630.2814331054688,86.0798110961914,12.45050048828125,198.94583129882812,0.8083980679512024
24.66289520263672,166.8207244873047,22.367080688476562,42.33891296386719,0.8058266043663025
30.928848266601562,164.85873413085938,23.27381134033203,42.71797180175781,0.8040630221366882
146.60107421875,107.82835388183594,14.065139770507812,314.06512451171875,0.80382239818573
457.06781005859375,69.81143951416016,56.33685302734375,171.71737670898438,0.8006425499916077
11.773590087890625,169.67518615722656,23.9412841796875,42.01434326171875,0.7967259287834167
102.75546264648438,147.1864776611328,12.511688232421875,303.07513427734375,0.7958375215530396
