393.1820373535156,175.86119079589844,14.397491455078125,30.530426025390625,0.8575066924095154
468.5497741699219,121.44789123535156,8.700103759765625,404.14813232421875,0.8240663409233093
585.4192504882812,98.42005920410156,7.83294677734375,417.404052734375,0.8094118237495422
378.6888122558594,168.73995971679688,14.700225830078125,28.476211547851562,0.8034873008728027
159.52542114257812,137.4961395263672,10.861770629882812,342.05035400390625,0.8014312982559204
409.05767822265625,172.76089477539062,18.81976318359375,36.526885986328125,0.7963420152664185
441.9384460449219,172.21926879882812,20.1688232421875,42.389068603515625,0.7901339530944824
636.7059936523438,-160.16587829589844,5.03863525390625,459.07122802734375,0.7787263989448547
636.4464111328125,58.06953811645508,6.2613525390625,422.9555969238281,0.7757111191749573
522.5347290039062,97.28604125976562,8.13507080078125,395.5166320800781,0.7685338854789734
