430.2957458496094,174.27706909179688,15.759674072265625,32.32855224609375,0.9190449714660645
462.2884826660156,175.7450714111328,17.5555419921875,32.28410339355469,0.8594971299171448
448.9196472167969,177.86495971679688,17.62237548828125,32.89881896972656,0.8317716717720032
485.73651123046875,172.01979064941406,17.616424560546875,34.579132080078125,0.8262857794761658
489.64752197265625,117.71322631835938,8.083648681640625,408.9779968261719,0.8055016994476318
188.6962890625,135.78427124023438,10.1881103515625,350.533447265625,0.803301990032196
423.8293762207031,176.1178741455078,14.422088623046875,30.589462280273438,0.7889961004257202
629.9127807617188,154.0347900390625,13.913818359375,156.91195678710938,0.780066728591919
633.999267578125,70.05989837646484,5.1494140625,440.1912841796875,0.7779621481895447
622.4026489257812,96.04774475097656,16.40631103515625,276.38299560546875,0.7772361040115356
