515.841796875,183.25387573242188,16.56884765625,39.25617980957031,0.8688748478889465
527.0989379882812,183.46153259277344,18.3824462890625,40.3935546875,0.8620725274085999
489.7513427734375,182.44174194335938,17.25970458984375,38.65473937988281,0.8336149454116821
598.05419921875,91.39796447753906,6.93060302734375,427.036376953125,0.8155628442764282
628.1522216796875,184.91854858398438,10.34027099609375,64.02761840820312,0.8100275993347168
430.70269775390625,119.14529418945312,9.0157470703125,394.8511047363281,0.8018667697906494
21.159778594970703,175.9609375,27.051761627197266,66.64785766601562,0.7961832880973816
475.74322509765625,179.46775817871094,17.717742919921875,39.99000549316406,0.7943986058235168
153.7791748046875,134.20361328125,10.824234008789062,346.19073486328125,0.7859447598457336
189.87789916992188,109.57917022705078,13.31439208984375,337.76922607421875,0.779853105545044
