486.5633544921875,107.92362213134766,11.426910400390625,357.3370361328125,0.8313136100769043
547.2759399414062,169.73252868652344,8.28326416015625,403.77508544921875,0.8144631385803223
372.3629455566406,112.32279968261719,9.918426513671875,384.43927001953125,0.8094902038574219
627.846923828125,64.28617095947266,6.35345458984375,414.4427490234375,0.8058129549026489
632.7429809570312,85.14737701416016,7.0679931640625,399.2895202636719,0.7963476777076721
636.53857421875,78.41182708740234,3.7783203125,454.8679504394531,0.7934644818305969
454.2117614746094,170.915283203125,22.43829345703125,63.44981384277344,0.7920620441436768
107.51365661621094,129.35723876953125,11.823104858398438,335.1180114746094,0.7820776104927063
127.4616928100586,109.17256164550781,15.013465881347656,309.08746337890625,0.7819165587425232
87.37857818603516,163.47093200683594,25.203208923339844,62.44453430175781,0.7748210430145264
