91.09495544433594,173.06637573242188,21.778335571289062,65.99880981445312,0.919135332107544
100.71765899658203,173.87632751464844,21.16191864013672,65.48097229003906,0.8868950605392456
85.36209106445312,172.1072235107422,22.173553466796875,66.79312133789062,0.8501792550086975
580.326904296875,95.25492858886719,7.169189453125,407.749267578125,0.8485265970230103
628.2428588867188,99.70291900634766,17.66656494140625,333.3742370605469,0.8391706347465515
107.95545959472656,175.05137634277344,21.518295288085938,62.01478576660156,0.8368349671363831
414.51556396484375,117.67845153808594,8.688446044921875,389.76043701171875,0.833191454410553
612.0594482421875,90.11050415039062,9.2828369140625,368.15631103515625,0.8297809958457947
541.719482421875,185.64425659179688,8.55267333984375,393.6070251464844,0.8295925855636597
622.556884765625,70.30803680419922,7.5069580078125,398.05908203125,0.8217083215713501
