497.3979187011719,233.16513061523438,34.865631103515625,74.78982543945312,0.8714554905891418
516.1099853515625,216.5585479736328,53.06536865234375,96.23570251464844,0.8520138263702393
456.7736511230469,242.24143981933594,32.06207275390625,59.86952209472656,0.845040500164032
508.6700439453125,223.86048889160156,43.926513671875,87.05119323730469,0.8442773222923279
604.7866821289062,203.7664031982422,19.540771484375,189.77040100097656,0.8122760653495789
321.765625,136.7064971923828,13.501983642578125,381.54541015625,0.8038194179534912
101.71066284179688,150.21005249023438,13.615188598632812,337.0830383300781,0.7986010909080505
458.0633239746094,226.54547119140625,56.661163330078125,87.137939453125,0.7873551845550537
635.28125,100.26712036132812,5.4884033203125,443.2515563964844,0.7815872430801392
576.1589965820312,184.84921264648438,7.89910888671875,417.8657531738281,0.7811816930770874
