218.34228515625,86.83525085449219,10.565765380859375,349.98553466796875,0.8073928356170654
523.8887329101562,104.5528335571289,6.78839111328125,417.0669860839844,0.8002480268478394
612.7957763671875,74.74819946289062,4.47296142578125,432.2919006347656,0.7729544043540955
607.611572265625,182.49424743652344,5.8504638671875,422.80010986328125,0.7681511640548706
561.6929931640625,59.977027893066406,5.9871826171875,427.3526916503906,0.7621309161186218
223.79364013671875,103.58578491210938,23.337982177734375,151.93365478515625,0.759662926197052
313.5367431640625,134.33970642089844,7.435791015625,369.0999755859375,0.7512872815132141
636.414306640625,24.13590431213379,5.330322265625,436.7091979980469,0.7489710450172424
636.9693603515625,86.17864990234375,3.67572021484375,457.74053955078125,0.7466858625411987
148.5523223876953,118.1678695678711,27.800247192382812,80.89920806884766,0.7382802963256836
