346.2585144042969,220.01112365722656,20.082244873046875,42.63835144042969,0.8612412810325623
449.08380126953125,211.3524627685547,34.396484375,74.88670349121094,0.8585094213485718
475.77777099609375,132.15664672851562,10.310821533203125,411.9721374511719,0.8174755573272705
169.158935546875,141.66539001464844,12.407562255859375,363.28076171875,0.8153941035270691
623.5518798828125,98.1382064819336,9.360595703125,410.03485107421875,0.8141811490058899
625.8101806640625,83.93075561523438,8.8985595703125,432.0980529785156,0.8109046816825867
634.4319458007812,93.73957061767578,5.50048828125,447.06060791015625,0.8081162571907043
634.2041015625,73.56578063964844,10.14593505859375,416.1201171875,0.8060229420661926
306.7889404296875,218.59275817871094,20.772216796875,45.51884460449219,0.7819555401802063
573.0859375,193.0994110107422,10.628173828125,414.41552734375,0.763080358505249
