526.10546875,112.44673156738281,6.9097900390625,420.33294677734375,0.8366532325744629
632.5748901367188,132.552001953125,11.6439208984375,206.15509033203125,0.7940347790718079
242.13519287109375,137.2574920654297,8.723297119140625,355.64813232421875,0.7936464548110962
373.6000061035156,118.44342041015625,10.167694091796875,355.51202392578125,0.7872913479804993
616.7415161132812,89.96080017089844,5.2838134765625,436.3685302734375,0.7870488166809082
572.4076538085938,79.35540771484375,6.00164794921875,426.0589599609375,0.7677822113037109
165.49380493164062,112.52272033691406,14.437652587890625,322.62445068359375,0.766076922416687
78.42387390136719,165.04476928710938,26.908889770507812,74.42619323730469,0.7616481781005859
486.1349182128906,258.41497802734375,19.669647216796875,301.9212646484375,0.7599315643310547
580.0845947265625,50.274696350097656,6.72247314453125,414.6217956542969,0.7566050887107849
