595.5822143554688,171.7401885986328,25.70098876953125,53.58984375,0.8259899020195007
565.3357543945312,188.72523498535156,8.4261474609375,403.26324462890625,0.805328905582428
480.1922607421875,114.51978302001953,8.0496826171875,410.92425537109375,0.7952975630760193
583.7247314453125,107.67369842529297,9.38067626953125,415.9405517578125,0.7821164727210999
155.6719207763672,132.46795654296875,11.394912719726562,358.461669921875,0.7810540795326233
622.7018432617188,170.75241088867188,13.28851318359375,53.82354736328125,0.7596374750137329
591.6504516601562,168.96263122558594,21.84698486328125,49.54010009765625,0.7503548264503479
184.17071533203125,110.37834930419922,13.600738525390625,341.1971130371094,0.7503179311752319
378.1156921386719,173.1373291015625,17.992645263671875,32.35694885253906,0.7323298454284668
542.268798828125,86.88493347167969,8.5382080078125,421.86517333984375,0.729377031326294
