583.032470703125,96.46895599365234,8.492431640625,422.5920104980469,0.8132924437522888
477.7684020996094,121.34363555908203,8.741668701171875,406.17535400390625,0.8120642304420471
628.7619018554688,168.74061584472656,10.23675537109375,52.841888427734375,0.7815791964530945
227.84963989257812,126.28617858886719,10.190994262695312,377.90216064453125,0.7782520055770874
637.1260375976562,84.18663024902344,3.5023193359375,455.8876953125,0.7645590305328369
574.2457885742188,191.96109008789062,8.88427734375,405.1182556152344,0.7632512450218201
43.511810302734375,164.57244873046875,25.555953979492188,119.93716430664062,0.7606933116912842
478.4091796875,94.93482208251953,9.984222412109375,398.06573486328125,0.7589593529701233
18.871871948242188,187.93885803222656,22.968570709228516,38.476837158203125,0.7586955428123474
40.34402847290039,190.32574462890625,21.64316177368164,39.529632568359375,0.756597101688385
