479.0723876953125,119.81865692138672,8.4464111328125,408.42071533203125,0.8035374283790588
590.9486083984375,97.06584167480469,8.27935791015625,428.74554443359375,0.8029088973999023
565.8921508789062,190.8163299560547,8.65716552734375,404.73388671875,0.7838627696037292
219.03578186035156,124.9819564819336,10.585556030273438,378.82025146484375,0.770829975605011
158.11216735839844,119.42803955078125,15.296615600585938,328.91229248046875,0.7641295194625854
628.7374877929688,169.65525817871094,10.13092041015625,52.08558654785156,0.7600278258323669
65.96768188476562,190.30322265625,24.219932556152344,54.72789001464844,0.7547209858894348
527.3050537109375,90.01502227783203,8.6990966796875,415.2419738769531,0.7466631531715393
637.83349609375,48.12080383300781,4.0848388671875,453.55810546875,0.7442604303359985
618.7024536132812,168.15570068359375,15.2308349609375,53.91984558105469,0.738013744354248
