608.8906860351562,165.24606323242188,22.82342529296875,57.057403564453125,0.9543644785881042
616.3610229492188,166.5799102783203,17.923583984375,56.65596008300781,0.8232753872871399
558.801025390625,186.34385681152344,8.95159912109375,406.4786376953125,0.8083817362785339
476.22186279296875,121.17816925048828,9.37225341796875,410.60394287109375,0.8067505955696106
589.4996337890625,102.03123474121094,8.59478759765625,423.0303955078125,0.803260862827301
212.1985626220703,128.31707763671875,10.307052612304688,370.94000244140625,0.7854188680648804
185.1676788330078,191.8517608642578,24.827911376953125,46.163604736328125,0.776749849319458
636.8623046875,83.84262084960938,3.76031494140625,455.7966003417969,0.7625402808189392
62.44544219970703,191.27452087402344,26.151702880859375,61.87062072753906,0.7560473084449768
199.42933654785156,181.3074493408203,14.958114624023438,30.468887329101562,0.7541903853416443
