614.7456665039062,167.53565979003906,18.206787109375,56.10931396484375,0.8108681440353394
596.9027099609375,99.83634185791016,7.885498046875,427.7789001464844,0.8016237020492554
475.79351806640625,120.8879623413086,8.636871337890625,406.3493347167969,0.7894643545150757
570.1221313476562,186.60858154296875,8.19573974609375,407.06939697265625,0.7884035110473633
213.8607635498047,125.97883605957031,10.536651611328125,373.19757080078125,0.7754714488983154
634.8169555664062,65.84169006347656,4.87567138671875,444.983154296875,0.7619715929031372
151.18392944335938,121.87899017333984,16.441436767578125,324.326416015625,0.743962287902832
530.1458129882812,88.47113037109375,8.59100341796875,416.9852294921875,0.7397149801254272
61.734291076660156,192.6597900390625,25.895469665527344,53.312286376953125,0.718825101852417
633.607421875,74.25816345214844,5.3038330078125,436.11431884765625,0.7032970190048218
