71.35685729980469,181.4242706298828,19.641212463378906,43.10455322265625,0.8220471143722534
625.6328735351562,77.1811294555664,6.98138427734375,393.8856201171875,0.8187484741210938
82.44635009765625,181.00674438476562,19.126792907714844,42.120941162109375,0.8145518898963928
356.4336853027344,122.30960083007812,25.4654541015625,323.0653381347656,0.8142959475517273
613.560302734375,165.7833709716797,19.46087646484375,56.66845703125,0.8102129697799683
167.43287658691406,134.40399169921875,10.84942626953125,347.38787841796875,0.806711733341217
68.94400024414062,181.96824645996094,17.917266845703125,41.50531005859375,0.8027631044387817
635.5577392578125,93.50076293945312,4.708251953125,448.3299865722656,0.7976461052894592
60.848594665527344,181.95127868652344,19.12255096435547,42.228240966796875,0.7936012744903564
85.61023712158203,180.52294921875,20.034751892089844,41.57830810546875,0.7866236567497253
