593.3380737304688,100.78206634521484,6.89434814453125,413.6651916503906,0.8156002163887024
180.72694396972656,140.32557678222656,9.793167114257812,343.56475830078125,0.8145928382873535
512.0001831054688,121.63932037353516,7.35595703125,409.2682189941406,0.7977073788642883
118.62091064453125,138.0804443359375,16.53692626953125,287.98406982421875,0.789772093296051
637.8841552734375,48.200927734375,3.95172119140625,448.98974609375,0.7747920155525208
568.6512451171875,195.30859375,9.13201904296875,400.58978271484375,0.7685885429382324
634.3866577148438,79.89022064208984,4.34869384765625,448.5229187011719,0.7673423886299133
632.9940185546875,79.76065826416016,5.10162353515625,424.57635498046875,0.7593719363212585
496.8876953125,99.85344696044922,8.666534423828125,387.2551574707031,0.7583795785903931
628.8959350585938,164.1566162109375,10.25421142578125,67.24522399902344,0.7455639839172363
