574.4063720703125,171.82237243652344,17.69281005859375,37.387237548828125,0.9367825984954834
14.811335563659668,168.6354522705078,32.53128433227539,61.403564453125,0.8358911275863647
592.0845947265625,87.99556732177734,6.32867431640625,415.14739990234375,0.8319177031517029
498.8264465332031,170.4316864013672,16.845062255859375,32.56590270996094,0.8302649855613708
477.326904296875,65.15015411376953,14.01007080078125,366.81787109375,0.8250279426574707
560.8271484375,116.13993835449219,5.91278076171875,428.04150390625,0.8225284218788147
571.9852905273438,-66.4344711303711,11.21893310546875,379.0931091308594,0.8191011548042297
28.22920036315918,157.96900939941406,32.30225372314453,106.76213073730469,0.8172476291656494
32.97071075439453,166.33432006835938,26.585186004638672,61.79295349121094,0.8115982413291931
36.50596618652344,165.9379425048828,28.405548095703125,53.0892333984375,0.8078673481941223
