533.2230224609375,111.95805358886719,6.32354736328125,418.33050537109375,0.8165204524993896
183.01231384277344,98.86420440673828,12.990646362304688,340.9422607421875,0.8158583045005798
591.9341430664062,187.55526733398438,6.6624755859375,408.9024963378906,0.8091418147087097
612.5089721679688,85.55076599121094,4.9849853515625,431.32464599609375,0.8028236627578735
216.68408203125,135.70962524414062,9.27703857421875,352.06378173828125,0.7874718308448792
560.5202026367188,77.40621948242188,6.16485595703125,418.564697265625,0.7781804203987122
134.77232360839844,132.88320922851562,25.068862915039062,126.56686401367188,0.7543932795524597
637.0194091796875,63.07432556152344,4.106201171875,443.4044189453125,0.7541699409484863
25.020126342773438,153.5081024169922,27.69678497314453,63.092620849609375,0.7482495903968811
194.3026885986328,130.43746948242188,29.064712524414062,122.1717529296875,0.7474338412284851
