84.49382019042969,154.00657653808594,19.75377655029297,52.451080322265625,0.8240582346916199
507.9333801269531,103.01266479492188,9.931427001953125,351.5906066894531,0.8207759857177734
623.3035888671875,67.20099639892578,6.289794921875,418.28826904296875,0.8107682466506958
453.87921142578125,110.66722869873047,8.179840087890625,398.0648193359375,0.7958760857582092
300.5498046875,105.6867904663086,14.656005859375,224.81179809570312,0.7954201698303223
163.7820281982422,131.6497039794922,9.759780883789062,342.30975341796875,0.79222172498703
79.09916687011719,103.50881958007812,17.200347900390625,296.07708740234375,0.7907249331474304
568.8395385742188,-43.4410285949707,12.527099609375,361.11383056640625,0.7887356877326965
545.371337890625,197.08480834960938,8.98590087890625,368.1091003417969,0.7878175377845764
637.2906494140625,75.24307250976562,3.1329345703125,455.3080139160156,0.7873080372810364
