566.251708984375,126.89646911621094,5.73138427734375,418.66131591796875,0.8230074644088745
207.29286193847656,164.7925262451172,15.832366943359375,29.133865356445312,0.7927107810974121
194.22537231445312,150.4154052734375,9.4951171875,329.93621826171875,0.7904531955718994
600.0042724609375,101.58238220214844,5.947021484375,408.173828125,0.7740926742553711
165.49461364746094,123.34162902832031,12.724105834960938,300.4801025390625,0.7719237208366394
598.771484375,74.23583221435547,5.0379638671875,436.56072998046875,0.7642226815223694
615.8209228515625,120.72869873046875,22.547119140625,208.96145629882812,0.7604430913925171
638.1340942382812,44.26786422729492,3.50384521484375,452.1631164550781,0.7373380661010742
636.4413452148438,60.45704650878906,3.3846435546875,460.13104248046875,0.7275568842887878
625.5057373046875,117.09042358398438,15.66973876953125,192.34564208984375,0.7213442921638489
