572.017333984375,140.3017120361328,19.3670654296875,50.437347412109375,0.9104724526405334
581.200927734375,144.76004028320312,20.77752685546875,51.43397521972656,0.8476030826568604
629.55224609375,126.18168640136719,10.22845458984375,73.50546264648438,0.8172106742858887
618.8656005859375,168.1486358642578,4.77099609375,442.90142822265625,0.8127883672714233
542.3543090820312,139.78636169433594,17.6973876953125,44.438323974609375,0.7947859168052673
240.04205322265625,89.8829574584961,10.769012451171875,354.667724609375,0.7818815112113953
586.118896484375,110.17636108398438,4.54541015625,430.6701354980469,0.7805750966072083
610.168212890625,82.79450988769531,4.7958984375,423.67144775390625,0.7723092436790466
614.8378295898438,137.26156616210938,18.73431396484375,56.89701843261719,0.7494235634803772
591.0140991210938,67.33715057373047,4.89532470703125,433.2102966308594,0.7491857409477234
