556.1510009765625,109.51933288574219,6.04998779296875,429.37786865234375,0.7808821201324463
382.1065979003906,137.56472778320312,7.760009765625,389.1917419433594,0.7487460374832153
213.60398864746094,103.93914794921875,11.937789916992188,342.07647705078125,0.7421916723251343
634.7281494140625,66.33765411376953,5.69091796875,138.04092407226562,0.7072002291679382
602.7323608398438,211.55026245117188,12.32757568359375,391.6324157714844,0.6866922378540039
616.9002685546875,39.62990188598633,4.66754150390625,446.6902160644531,0.6828486919403076
396.6392517089844,54.94831848144531,19.96856689453125,265.03082275390625,0.6769598722457886
467.8579406738281,33.04890441894531,17.77655029296875,324.98956298828125,0.6713947653770447
595.1851806640625,85.67141723632812,5.70538330078125,432.4913024902344,0.6600447297096252
334.5910339355469,60.77104568481445,24.387115478515625,246.8621368408203,0.6490434408187866
