582.1624145507812,101.91728973388672,25.21453857421875,74.33272552490234,0.8106185793876648
541.9368286132812,106.13701629638672,6.10980224609375,423.436767578125,0.7685474157333374
610.8858642578125,171.62966918945312,5.4261474609375,436.3524475097656,0.7626224756240845
188.6902618408203,100.1617660522461,12.683059692382812,336.90771484375,0.7558867931365967
306.3102722167969,139.37020874023438,8.485382080078125,365.4059143066406,0.7456788420677185
633.1880493164062,80.98282623291016,7.14337158203125,106.6249771118164,0.7052894830703735
636.64208984375,175.33106994628906,3.79376220703125,456.4913330078125,0.7019031643867493
552.1444702148438,86.54888916015625,25.87359619140625,94.59173583984375,0.7000625133514404
637.3214721679688,87.89852142333984,3.40155029296875,459.0856628417969,0.6972773671150208
636.82958984375,49.6755256652832,3.6561279296875,458.38519287109375,0.685261070728302
