605.44287109375,117.67581939697266,4.86083984375,446.6663513183594,0.7529011964797974
634.6593627929688,31.39698028564453,8.216064453125,309.5992431640625,0.7397025227546692
522.3282470703125,-36.108543395996094,49.801025390625,281.99188232421875,0.7258282899856567
282.9984130859375,105.44038391113281,10.33294677734375,359.861083984375,0.7116119265556335
542.8480224609375,-9.048450469970703,98.08038330078125,232.02316284179688,0.7042903304100037
440.0792236328125,143.5712890625,7.128082275390625,401.5467529296875,0.7039825320243835
616.338134765625,-73.47853088378906,43.47119140625,322.70989990234375,0.6803048849105835
565.1340942382812,-71.5296401977539,148.11322021484375,292.61004638671875,0.6604210138320923
364.9131774902344,65.36786651611328,16.521148681640625,266.9927673339844,0.6580301523208618
631.0369873046875,18.3309326171875,15.69464111328125,388.3690185546875,0.6569758057594299
