527.8328857421875,178.67869567871094,15.848388671875,44.32695007324219,0.8893696069717407
532.7530517578125,179.6855926513672,16.33685302734375,42.552276611328125,0.8861098885536194
628.4093627929688,-30.48771858215332,22.4000244140625,347.2735595703125,0.8257350921630859
574.3187255859375,100.29991149902344,7.57403564453125,400.92803955078125,0.8172703385353088
521.4588623046875,116.30082702636719,6.88397216796875,413.2125244140625,0.809212863445282
522.9802856445312,180.92181396484375,17.28619384765625,43.04400634765625,0.7994623184204102
637.0421142578125,83.71660614013672,3.4422607421875,456.4775390625,0.7918426990509033
527.181884765625,82.91947174072266,7.38104248046875,406.00390625,0.788597047328949
225.9055938720703,136.87246704101562,8.929443359375,353.6107177734375,0.7835783958435059
542.3255615234375,209.39353942871094,10.63592529296875,378.41802978515625,0.7812676429748535
