602.391845703125,117.90731811523438,4.90802001953125,444.5408630371094,0.7553454041481018
489.9754638671875,-13.726465225219727,54.7276611328125,249.2388916015625,0.7261950969696045
633.6659545898438,59.01103210449219,8.0799560546875,219.4578094482422,0.7221003174781799
241.4712371826172,106.62759399414062,11.00970458984375,347.5827331542969,0.7216429114341736
415.70263671875,143.67543029785156,7.316131591796875,394.8348388671875,0.7118220925331116
544.0957641601562,-8.780522346496582,91.37750244140625,228.6856231689453,0.7075453400611877
545.7573852539062,31.572261810302734,16.2508544921875,325.77288818359375,0.6754602789878845
623.9300537109375,39.55365753173828,4.128173828125,452.2908630371094,0.667503297328949
599.7711791992188,-148.63424682617188,76.37451171875,355.70965576171875,0.6628057956695557
619.9172973632812,-76.57267761230469,36.869873046875,327.5040283203125,0.66176837682724
