586.272705078125,95.15277862548828,26.77886962890625,79.73783111572266,0.7726116180419922
578.6076049804688,114.5833969116211,5.710205078125,434.8314514160156,0.718460738658905
203.95541381835938,152.75575256347656,10.384674072265625,337.03265380859375,0.7170917987823486
568.1900634765625,97.20755004882812,23.44671630859375,74.49211120605469,0.69942706823349
540.1556396484375,-12.671907424926758,93.30084228515625,225.430419921875,0.6991438865661621
631.1737670898438,-137.92507934570312,12.42535400390625,436.276611328125,0.6915534138679504
602.0803833007812,-158.3590545654297,72.4749755859375,394.7731628417969,0.6828790903091431
634.9976196289062,69.43743896484375,5.47235107421875,123.36885070800781,0.675299882888794
628.2144165039062,85.32273864746094,10.77484130859375,109.80654907226562,0.6724987626075745
193.6302490234375,121.39167022705078,12.261627197265625,321.10089111328125,0.6701152324676514
