580.7036743164062,181.565673828125,14.76123046875,38.593536376953125,0.9440033435821533
584.2791137695312,178.9462890625,17.5946044921875,45.71372985839844,0.8999788165092468
631.9823608398438,141.6132354736328,8.03173828125,83.28361511230469,0.8407547473907471
545.08447265625,113.38201141357422,6.6390380859375,424.5518798828125,0.8112143874168396
568.3789672851562,201.23190307617188,10.01708984375,388.7887268066406,0.8108185529708862
537.3358764648438,112.18571472167969,8.63189697265625,364.4703369140625,0.8042954206466675
243.6036834716797,139.26089477539062,8.674819946289062,348.3021545410156,0.8029736876487732
294.60089111328125,182.57791137695312,14.07696533203125,26.557220458984375,0.7874099612236023
97.97611236572266,140.87649536132812,16.19853973388672,260.32745361328125,0.7869666218757629
504.7505187988281,173.8835906982422,21.568756103515625,45.823577880859375,0.7817075848579407
