540.9447021484375,174.74810791015625,8.99755859375,407.35699462890625,0.8224311470985413
634.0248413085938,81.72626495361328,5.165771484375,444.8975830078125,0.8209219574928284
607.9735107421875,85.68199920654297,11.46484375,386.9377746582031,0.8177555799484253
578.8458862304688,103.32122039794922,8.3773193359375,413.2847900390625,0.8085993528366089
409.5975341796875,126.50811004638672,9.47509765625,387.308837890625,0.8026657700538635
637.7184448242188,103.99412536621094,4.1187744140625,455.99365234375,0.7987787127494812
626.756103515625,90.3615493774414,10.5770263671875,389.1163024902344,0.7949883937835693
634.0352172851562,169.01336669921875,4.98876953125,452.45245361328125,0.7932788133621216
171.99966430664062,173.57577514648438,39.449798583984375,123.31936645507812,0.7923819422721863
622.8787841796875,66.14266967773438,7.8394775390625,414.22113037109375,0.7911673188209534
