581.3433227539062,94.45405578613281,7.46795654296875,414.4873046875,0.8497848510742188
568.276123046875,172.65530395507812,9.2562255859375,421.2225036621094,0.846588134765625
348.55474853515625,120.19569396972656,11.34857177734375,384.1265869140625,0.8204713463783264
128.61451721191406,132.05169677734375,11.662368774414062,340.9430847167969,0.8066064119338989
627.3718872070312,145.97891235351562,17.79388427734375,218.46572875976562,0.8036678433418274
436.71441650390625,89.74452209472656,9.827789306640625,380.47027587890625,0.8014171719551086
132.77281188964844,111.62395477294922,16.31719970703125,326.9917297363281,0.789808452129364
629.7184448242188,91.82597351074219,8.780517578125,387.68231201171875,0.7870745062828064
625.8948364257812,76.42444610595703,7.474609375,410.8082275390625,0.7837048768997192
619.8812255859375,89.89353942871094,7.14569091796875,408.91656494140625,0.782950222492218
