147.77967834472656,208.18504333496094,20.216629028320312,40.31437683105469,0.9838196635246277
635.9846801757812,52.5996208190918,7.55322265625,400.5851745605469,0.8499147891998291
399.19586181640625,135.90553283691406,11.0140380859375,380.20416259765625,0.8145103454589844
555.5918579101562,115.39496612548828,9.8428955078125,385.4283752441406,0.8137733936309814
633.29345703125,137.50936889648438,7.28387451171875,103.18820190429688,0.8074759840965271
108.09017944335938,149.73324584960938,12.934341430664062,325.3337097167969,0.8023701906204224
541.6828002929688,192.41305541992188,9.97314453125,398.6759948730469,0.7997569441795349
633.0115356445312,96.87187957763672,6.489501953125,441.75732421875,0.7826259732246399
634.829345703125,81.01691436767578,6.13525390625,427.67279052734375,0.7793748378753662
637.7579956054688,48.774662017822266,4.16656494140625,449.1307678222656,0.7766356468200684
