533.2730102539062,210.7744903564453,23.62664794921875,44.95051574707031,0.9519163966178894
98.8248291015625,186.20135498046875,16.556884765625,36.64836120605469,0.883014976978302
593.3507080078125,218.10690307617188,19.5048828125,48.06365966796875,0.8718842267990112
627.6908569335938,-10.545473098754883,23.36376953125,304.0849609375,0.8502534031867981
490.0984191894531,202.7564239501953,14.831024169921875,43.04844665527344,0.844860851764679
457.46978759765625,125.533203125,9.176788330078125,401.5048828125,0.841631293296814
630.062744140625,76.00582122802734,6.49127197265625,418.5982666015625,0.8378900289535522
607.630859375,-45.31120681762695,28.6348876953125,334.2348327636719,0.8125288486480713
612.3745727539062,128.6704864501953,24.6085205078125,249.8408966064453,0.8082898259162903
181.06369018554688,141.2725372314453,10.5308837890625,348.1143798828125,0.8065530061721802
