44.84457015991211,190.03106689453125,17.104785919189453,31.486175537109375,0.890324592590332
613.7553100585938,88.24853515625,9.0594482421875,364.9789733886719,0.8239600658416748
103.37738037109375,145.27410888671875,12.33026123046875,321.862060546875,0.8058702349662781
504.978759765625,96.76968383789062,8.3935546875,385.061767578125,0.7811105847358704
624.9471435546875,175.5357208251953,12.651611328125,41.43084716796875,0.7809835076332092
527.6268310546875,119.82951354980469,7.13922119140625,416.6943359375,0.7763546109199524
511.16912841796875,177.2454833984375,21.9656982421875,51.65771484375,0.774068295955658
571.1296997070312,114.68559265136719,9.2646484375,391.44097900390625,0.7645378708839417
344.25579833984375,185.89862060546875,18.5565185546875,35.37872314453125,0.7641447186470032
605.299072265625,128.73162841796875,21.0628662109375,199.94943237304688,0.7532918453216553
