626.3890380859375,73.99681091308594,7.1209716796875,406.0164794921875,0.8322101831436157
494.10601806640625,183.41224670410156,23.65777587890625,54.94537353515625,0.8131784796714783
533.9293212890625,124.63880920410156,7.3809814453125,417.936767578125,0.8049481511116028
158.5380401611328,137.85098266601562,11.638900756835938,346.25665283203125,0.8023046851158142
466.62249755859375,186.44924926757812,21.50970458984375,48.71958923339844,0.8013578057289124
124.13131713867188,147.18527221679688,17.301651000976562,275.62213134765625,0.7910029292106628
515.549560546875,183.47958374023438,24.64422607421875,65.48777770996094,0.7903887033462524
599.0764770507812,98.39690399169922,7.74920654296875,425.99102783203125,0.7684522271156311
636.375732421875,91.57951354980469,4.02685546875,448.4979248046875,0.7574765086174011
632.0237426757812,76.69222259521484,5.63055419921875,421.97015380859375,0.7563695311546326
