471.18487548828125,113.09224700927734,8.17803955078125,410.3239440917969,0.8234490156173706
544.8226318359375,189.77587890625,8.80462646484375,396.498046875,0.7968582510948181
585.4903564453125,93.5453109741211,7.2032470703125,417.6814270019531,0.7967844605445862
203.81036376953125,183.25575256347656,15.49603271484375,27.713623046875,0.7966607213020325
629.6856689453125,176.96286010742188,10.61651611328125,84.73220825195312,0.7901869416236877
146.25418090820312,134.45111083984375,11.530059814453125,346.3514709472656,0.787592887878418
172.5416259765625,112.68853759765625,13.89227294921875,329.3232116699219,0.783509373664856
218.552490234375,182.05812072753906,15.093124389648438,27.602523803710938,0.7762806415557861
632.8799438476562,75.30358123779297,5.576171875,434.67376708984375,0.7693498134613037
268.4830017089844,116.49617004394531,21.4351806640625,192.5580291748047,0.7676967978477478
