232.0769500732422,183.50222778320312,16.736709594726562,34.073638916015625,0.9034817218780518
238.22601318359375,185.07180786132812,15.586471557617188,32.73258972167969,0.8473284840583801
204.215576171875,186.11566162109375,16.52984619140625,30.123397827148438,0.8304417133331299
450.2580261230469,118.7424087524414,9.134979248046875,405.4728088378906,0.8051625490188599
245.13856506347656,183.50286865234375,16.392105102539062,33.19819641113281,0.804636538028717
635.427978515625,81.22821807861328,8.44110107421875,349.7796936035156,0.8006047010421753
587.49169921875,100.34895324707031,7.1190185546875,411.94775390625,0.7923604846000671
162.9630126953125,133.37124633789062,11.25079345703125,350.43609619140625,0.7837782502174377
259.02618408203125,179.3150177001953,17.755401611328125,37.386383056640625,0.7709230780601501
550.870849609375,179.5016326904297,8.52069091796875,403.66595458984375,0.7598438858985901
