554.6500244140625,173.90933227539062,31.3642578125,90.99484252929688,0.9962446093559265
620.2078857421875,170.85336303710938,19.4754638671875,99.27914428710938,0.8632097840309143
313.4460754394531,184.31979370117188,14.5855712890625,25.79925537109375,0.8297021985054016
229.32009887695312,190.0013427734375,14.643524169921875,25.568572998046875,0.8288669586181641
232.1393585205078,191.64462280273438,14.167404174804688,24.442581176757812,0.8151357173919678
634.1119995117188,73.66509246826172,5.1002197265625,441.25775146484375,0.8147459626197815
567.6759643554688,115.63373565673828,6.7392578125,439.23321533203125,0.8100382089614868
594.311767578125,99.63017272949219,7.90496826171875,425.134521484375,0.8053524494171143
398.5891418457031,182.5654296875,19.581512451171875,44.00898742675781,0.8045490384101868
636.400634765625,87.72010803222656,3.97869873046875,452.24200439453125,0.7974259853363037
