262.5151062011719,183.65017700195312,14.717437744140625,31.000274658203125,0.9334590435028076
314.974853515625,183.73695373535156,12.52777099609375,25.006683349609375,0.9325882792472839
242.28684997558594,186.45301818847656,13.536911010742188,24.915054321289062,0.8930118083953857
259.3760070800781,185.5693359375,15.11834716796875,33.14430236816406,0.8653926849365234
247.04917907714844,188.00711059570312,12.646743774414062,24.293472290039062,0.8605440855026245
309.18475341796875,184.81822204589844,13.11981201171875,29.895706176757812,0.8508676290512085
581.7615356445312,95.0179443359375,7.271728515625,414.4250183105469,0.8335733413696289
373.1939697265625,91.18758392333984,18.460693359375,272.7641296386719,0.8104665875434875
397.6120300292969,114.00894927978516,9.96087646484375,396.2325134277344,0.799811840057373
222.6988525390625,108.82038116455078,24.656112670898438,215.72720336914062,0.7975403070449829
