357.50152587890625,179.18331909179688,13.62091064453125,33.06224060058594,0.859825074672699
364.83880615234375,177.95980834960938,15.85003662109375,34.386260986328125,0.8572797179222107
294.256103515625,179.867919921875,15.788909912109375,32.58430480957031,0.8533222079277039
101.95695495605469,162.95762634277344,29.210067749023438,111.67228698730469,0.8418347239494324
35.94733428955078,169.71963500976562,28.154396057128906,84.21426391601562,0.836535632610321
81.64592742919922,173.05609130859375,28.70671844482422,65.56277465820312,0.8228150606155396
389.51214599609375,116.28610229492188,9.80780029296875,393.92694091796875,0.8196536302566528
61.77951431274414,173.8729248046875,30.81600570678711,70.91204833984375,0.8196508884429932
582.7037963867188,96.06465148925781,7.425537109375,411.6348876953125,0.8144508004188538
370.67388916015625,178.59060668945312,15.384918212890625,33.62371826171875,0.8070269823074341
