528.70361328125,164.55377197265625,31.547119140625,95.01605224609375,0.9255794286727905
472.07159423828125,167.95916748046875,22.72418212890625,68.43984985351562,0.8790826797485352
468.76580810546875,170.6529083251953,23.03631591796875,61.12852478027344,0.8457003831863403
446.2010192871094,169.50254821777344,20.670989990234375,54.83750915527344,0.8416414260864258
504.8115539550781,168.30535888671875,27.806304931640625,76.07740783691406,0.8264585733413696
615.2495727539062,81.2570571899414,10.88409423828125,390.6446533203125,0.8216838836669922
396.3522033691406,126.60870361328125,10.246185302734375,385.0179443359375,0.8085549473762512
628.0123901367188,140.1125946044922,12.2591552734375,144.3799285888672,0.8056548237800598
601.0579833984375,171.69874572753906,28.95440673828125,91.98445129394531,0.7966527938842773
338.6671142578125,174.31332397460938,12.212677001953125,24.90655517578125,0.7940070033073425
