490.619384765625,151.51852416992188,23.29498291015625,73.15852355957031,0.9799529314041138
203.53012084960938,171.71644592285156,21.34368896484375,44.297027587890625,0.9614871144294739
451.8538818359375,156.81373596191406,21.4447021484375,58.258392333984375,0.8344910144805908
632.611328125,80.51737976074219,11.444091796875,296.97967529296875,0.8210158348083496
303.11456298828125,162.10867309570312,16.0029296875,27.5872802734375,0.8131160736083984
507.1212463378906,114.45320892333984,7.336090087890625,408.9900207519531,0.8102544546127319
630.7799682617188,62.61985397338867,5.5384521484375,415.59722900390625,0.8087807893753052
492.64404296875,160.97476196289062,25.721435546875,67.20452880859375,0.7999855875968933
559.6151733398438,106.55093383789062,9.11517333984375,385.6031494140625,0.792400062084198
271.3439636230469,167.06654357910156,25.6009521484375,63.55213928222656,0.7889407277107239
