262.00634765625,169.40338134765625,14.72784423828125,33.63780212402344,0.8647435307502747
85.31355285644531,161.4741668701172,27.56749725341797,108.42008972167969,0.8607045412063599
35.734439849853516,160.0254669189453,29.292919158935547,84.18841552734375,0.8356000185012817
588.2546997070312,90.34725952148438,6.69989013671875,415.92523193359375,0.8314382433891296
255.50830078125,167.51437377929688,16.779266357421875,39.45843505859375,0.828303873538971
130.14732360839844,170.4754180908203,28.826248168945312,73.01902770996094,0.8273526430130005
67.14810180664062,170.5925750732422,31.935218811035156,63.01568603515625,0.825137197971344
96.80628967285156,170.5670623779297,29.15874481201172,66.29438781738281,0.8233016133308411
448.36834716796875,119.58081817626953,8.941253662109375,399.4119873046875,0.8219839930534363
60.58179473876953,149.83058166503906,26.146331787109375,100.54806518554688,0.8142991065979004
