260.68902587890625,177.3330535888672,15.39306640625,30.24627685546875,0.8357445001602173
116.0139389038086,158.56033325195312,31.08911895751953,99.35256958007812,0.8239836096763611
259.953125,113.42984008789062,21.313812255859375,203.99697875976562,0.8177862167358398
592.441650390625,94.9959487915039,7.147216796875,420.4458312988281,0.8140599727630615
387.48822021484375,115.41149139404297,11.004791259765625,398.8701171875,0.8112694621086121
122.3576431274414,137.86114501953125,26.892066955566406,141.76385498046875,0.8061439990997314
274.5581359863281,178.47830200195312,15.83038330078125,29.78228759765625,0.7921653389930725
67.89727783203125,171.7493896484375,22.04962921142578,52.17320251464844,0.7918382287025452
63.06597900390625,150.4358367919922,27.78992462158203,109.48628234863281,0.7873112559318542
171.576171875,132.01759338378906,10.289962768554688,352.005126953125,0.7866615653038025
