381.1570739746094,175.99476623535156,14.236968994140625,36.79313659667969,0.9866569638252258
452.29425048828125,180.28607177734375,14.558013916015625,36.19065856933594,0.943274199962616
467.85882568359375,186.1403045654297,14.9637451171875,33.06565856933594,0.9073530435562134
456.640380859375,184.799072265625,15.19854736328125,36.100860595703125,0.8248364329338074
517.3282470703125,115.86453247070312,7.558349609375,422.2599792480469,0.8226507902145386
383.66705322265625,180.2488250732422,14.9453125,32.169677734375,0.8216357231140137
492.3634033203125,180.29623413085938,16.759185791015625,40.67120361328125,0.821626603603363
637.3609619140625,91.23115539550781,4.73004150390625,447.4892578125,0.8106280565261841
634.31103515625,97.18087005615234,9.68499755859375,296.3692626953125,0.8072869777679443
182.98902893066406,133.11892700195312,22.621185302734375,159.474853515625,0.804903507232666
