542.0987548828125,113.78759002685547,6.513671875,425.6041259765625,0.8104553818702698
633.7837524414062,140.72691345214844,9.39569091796875,183.3749542236328,0.8049123287200928
218.48171997070312,139.32119750976562,9.55401611328125,353.4084167480469,0.8006293177604675
631.9840087890625,68.71900939941406,5.71002197265625,429.53045654296875,0.7952796220779419
591.0101928710938,188.20816040039062,7.8681640625,419.6687316894531,0.7950407266616821
620.300048828125,87.98648071289062,5.0902099609375,442.9855651855469,0.7942650318145752
242.38851928710938,110.35297393798828,11.653167724609375,348.78607177734375,0.7844349145889282
584.8468627929688,81.35726165771484,5.79437255859375,432.3778991699219,0.7631437182426453
636.1826171875,91.42018127441406,4.16888427734375,448.2371826171875,0.7492396831512451
637.90087890625,46.12009048461914,3.92803955078125,448.0613708496094,0.7468600273132324
