462.43548583984375,184.09375,19.449554443359375,41.42420959472656,0.8597886562347412
450.91131591796875,186.43528747558594,19.139892578125,40.675933837890625,0.8255916237831116
489.23406982421875,180.85479736328125,19.98260498046875,44.408660888671875,0.8195650577545166
468.7641906738281,121.90640258789062,7.968841552734375,397.2950744628906,0.8155102133750916
634.4693603515625,109.70150756835938,9.8880615234375,293.8101806640625,0.8042042851448059
148.2096405029297,137.02273559570312,11.061859130859375,342.3309020996094,0.7979073524475098
415.4121398925781,186.0804443359375,17.625946044921875,32.396392822265625,0.792248010635376
581.8409423828125,100.22604370117188,7.89593505859375,412.7522277832031,0.7910510301589966
632.2277221679688,66.83395385742188,5.47967529296875,427.8055114746094,0.7841922640800476
11.562360763549805,187.44520568847656,21.906030654907227,65.53102111816406,0.7687937617301941
