471.5220947265625,161.19737243652344,21.30670166015625,47.426513671875,0.8917388916015625
511.540771484375,166.40350341796875,21.7784423828125,52.1868896484375,0.8644495606422424
492.90875244140625,162.88931274414062,21.9549560546875,49.20849609375,0.861732006072998
458.8229675292969,162.2310333251953,22.90216064453125,49.69073486328125,0.8594373464584351
531.495361328125,164.6873779296875,21.5394287109375,56.509613037109375,0.8314862847328186
574.1029052734375,113.06342315673828,5.1259765625,428.44488525390625,0.8286861181259155
207.3419952392578,100.47776794433594,11.727752685546875,341.86138916015625,0.8138546347618103
335.93487548828125,164.020751953125,13.356842041015625,24.422988891601562,0.8105334639549255
493.76171875,169.11068725585938,23.1746826171875,53.27287292480469,0.7842860817909241
213.4871826171875,139.3588409423828,9.4268798828125,347.8338623046875,0.775951623916626
