531.1531372070312,115.20899963378906,6.32379150390625,417.226318359375,0.8273977637290955
157.6334991455078,107.77460479736328,12.87188720703125,326.049072265625,0.812171459197998
630.9549560546875,-31.335525512695312,17.3697509765625,354.80389404296875,0.8001168966293335
604.6963500976562,95.53699493408203,5.77716064453125,422.84002685546875,0.7993879914283752
192.46685791015625,134.630126953125,9.329254150390625,349.0937194824219,0.790302038192749
565.0946044921875,78.14895629882812,6.0374755859375,421.0131530761719,0.7770664095878601
140.82012939453125,148.49319458007812,27.518951416015625,95.22006225585938,0.7705433368682861
635.8116455078125,96.82923126220703,7.333251953125,272.68438720703125,0.764541506767273
371.2550048828125,115.09673309326172,9.38421630859375,352.79461669921875,0.7610915303230286
31.284284591674805,164.36785888671875,23.000669479370117,54.69828796386719,0.7602936029434204
