491.56927490234375,163.02577209472656,20.67816162109375,40.754669189453125,0.9076931476593018
481.6532897949219,161.614013671875,19.640411376953125,39.818450927734375,0.8749868869781494
532.252685546875,155.01246643066406,23.4896240234375,53.28175354003906,0.8699169158935547
519.1435546875,157.94410705566406,22.271728515625,49.1656494140625,0.8561698794364929
540.6665649414062,118.92003631591797,5.73321533203125,410.32373046875,0.8209936618804932
140.23846435546875,102.22453308105469,13.071075439453125,324.4737548828125,0.8208490610122681
159.13204956054688,145.7340087890625,23.458969116210938,98.96307373046875,0.7850804328918457
45.822181701660156,156.2954559326172,21.831886291503906,56.85945129394531,0.7811843752861023
282.71783447265625,159.89479064941406,15.472015380859375,28.848617553710938,0.7723537087440491
611.5467529296875,98.67363739013672,4.85284423828125,413.90399169921875,0.7682185173034668
