261.5702209472656,100.14863586425781,10.31231689453125,348.65234375,0.7993506789207458
557.7698364257812,117.67948150634766,5.74066162109375,419.1664123535156,0.7877183556556702
206.21243286132812,152.2312774658203,9.225723266601562,328.14501953125,0.7702296376228333
606.8063354492188,105.0744857788086,5.181884765625,402.4112243652344,0.7651679515838623
16.63262176513672,163.95973205566406,22.57939910888672,40.13246154785156,0.7550420165061951
50.60275650024414,161.68780517578125,25.25369644165039,49.91120910644531,0.7518828511238098
633.850830078125,35.4552116394043,5.7845458984375,414.3271789550781,0.750202476978302
180.74899291992188,166.417724609375,22.538299560546875,44.00238037109375,0.7431594133377075
551.180908203125,55.781463623046875,6.85675048828125,389.02264404296875,0.7382978796958923
245.37185668945312,150.32327270507812,22.906280517578125,66.97610473632812,0.7280974388122559
