479.7720947265625,117.13838958740234,8.004852294921875,407.2673034667969,0.8174973130226135
604.0123291015625,97.80577087402344,6.00946044921875,417.117431640625,0.8049594759941101
144.1889190673828,134.7206268310547,10.750564575195312,341.23760986328125,0.796525239944458
122.20435333251953,116.10426330566406,16.62561798095703,309.2647705078125,0.7713154554367065
636.0142822265625,74.97735595703125,5.36944580078125,440.01123046875,0.7681871652603149
33.615970611572266,168.057373046875,27.726097106933594,85.38151550292969,0.767434298992157
631.7901000976562,156.65977478027344,11.447265625,150.18202209472656,0.764733612537384
242.83840942382812,176.95811462402344,13.3255615234375,26.058425903320312,0.7629189491271973
283.560546875,172.7437744140625,15.6842041015625,30.914031982421875,0.7623947262763977
545.6077880859375,81.74177551269531,6.900390625,411.97625732421875,0.7616926431655884
