506.72137451171875,166.29559326171875,14.18719482421875,28.81573486328125,0.8982388973236084
108.7974853515625,174.59393310546875,16.428810119628906,39.53123474121094,0.8536633253097534
476.9033508300781,166.216552734375,15.93475341796875,31.9176025390625,0.8412444591522217
458.5208740234375,119.35533905029297,7.912689208984375,397.48004150390625,0.8289037346839905
636.2005004882812,78.89359283447266,6.9873046875,343.2187805175781,0.8240050673484802
588.3428344726562,95.78355407714844,6.8790283203125,407.05767822265625,0.821111798286438
610.9580078125,86.02362060546875,9.20184326171875,361.42486572265625,0.8186546564102173
107.3924331665039,125.8558120727539,15.908988952636719,284.46124267578125,0.8098143935203552
11.715662002563477,174.810302734375,27.678083419799805,88.66351318359375,0.8049631714820862
632.5105590820312,70.31735229492188,4.656005859375,439.88629150390625,0.8045599460601807
