504.9627990722656,171.24798583984375,17.164764404296875,34.2261962890625,0.9934148788452148
525.5924072265625,169.20260620117188,16.8702392578125,35.610137939453125,0.9784992933273315
518.6329345703125,168.0242156982422,16.779541015625,35.45579528808594,0.8574600219726562
499.86773681640625,106.08859252929688,10.63720703125,360.2339172363281,0.8250285387039185
473.44317626953125,121.43013763427734,7.2066650390625,387.6001892089844,0.8232147097587585
499.8027038574219,172.70751953125,14.584014892578125,30.417282104492188,0.8013284802436829
30.709331512451172,166.19000244140625,22.896427154541016,56.98313903808594,0.7963943481445312
633.9312744140625,73.49816131591797,4.2618408203125,442.8193359375,0.7885761260986328
503.1201477050781,178.37924194335938,17.782684326171875,33.57960510253906,0.7868306040763855
551.5423583984375,168.17514038085938,20.37078857421875,32.136871337890625,0.7812624573707581
