459.8146057128906,164.57827758789062,17.882080078125,35.92539978027344,0.9875777363777161
512.39990234375,112.02108001708984,6.99554443359375,413.9814758300781,0.8251822590827942
144.89337158203125,113.55952453613281,14.260406494140625,315.72686767578125,0.803985595703125
601.3703002929688,94.78816223144531,6.07171630859375,419.25775146484375,0.8022992014884949
152.1782684326172,132.4466094970703,10.409454345703125,342.87225341796875,0.7875713109970093
437.25421142578125,170.04527282714844,15.534515380859375,29.244140625,0.784304141998291
544.8598022460938,85.57388305664062,6.9747314453125,409.5982971191406,0.7748003602027893
636.0693969726562,83.59925079345703,7.03851318359375,306.8617248535156,0.7664032578468323
628.6261596679688,-112.8236083984375,15.95794677734375,406.67034912109375,0.753250002861023
607.2705688476562,-13.7440824508667,31.84063720703125,301.98138427734375,0.7463842034339905
