494.5376281738281,166.35650634765625,20.963287353515625,49.0023193359375,0.898734986782074
489.9438171386719,167.8582763671875,18.80133056640625,45.66911315917969,0.8598359823226929
256.7818603515625,174.4827423095703,13.492523193359375,28.18310546875,0.832537829875946
443.0848388671875,173.92581176757812,16.200408935546875,32.58662414550781,0.8322116136550903
506.49560546875,114.61750030517578,8.1883544921875,420.04071044921875,0.8244082927703857
594.6205444335938,95.35813903808594,7.20391845703125,424.9254150390625,0.8181945085525513
258.575927734375,172.4293212890625,15.37030029296875,27.343902587890625,0.7980098724365234
50.40840530395508,152.42112731933594,21.247509002685547,106.56623840332031,0.7831273674964905
542.394775390625,79.8671875,6.90240478515625,413.59674072265625,0.7801473736763
184.79583740234375,132.4371795654297,9.701919555664062,351.8720703125,0.7717443108558655
