637.8310546875,39.24988555908203,3.99505615234375,450.4104309082031,0.7932685613632202
498.6221008300781,114.95464324951172,7.64044189453125,412.40167236328125,0.7889140248298645
343.35748291015625,90.79581451416016,18.0972900390625,219.479248046875,0.7861322164535522
367.62164306640625,151.2980194091797,18.461700439453125,34.20167541503906,0.7726250290870667
612.0225830078125,89.96014404296875,5.08966064453125,426.15399169921875,0.7722835540771484
201.36749267578125,136.2130889892578,9.182205200195312,345.45281982421875,0.7669973373413086
115.69914245605469,154.85650634765625,27.290908813476562,65.36558532714844,0.7657384872436523
131.85975646972656,100.72298431396484,15.583206176757812,326.58538818359375,0.7621704936027527
563.8269653320312,72.70008087158203,5.8590087890625,419.91497802734375,0.75721675157547
242.39132690429688,157.10252380371094,16.061920166015625,29.761306762695312,0.754012405872345
