421.9681091308594,163.727294921875,17.79815673828125,33.60566711425781,0.8224244713783264
515.21435546875,115.1685791015625,6.701904296875,411.27081298828125,0.8199722766876221
222.98255920410156,100.2373275756836,11.699783325195312,349.6655578613281,0.8068585991859436
636.158203125,75.80376434326172,6.9161376953125,325.27423095703125,0.7921914458274841
192.2592315673828,137.74794006347656,9.506271362304688,345.53570556640625,0.7892259955406189
617.9423828125,90.15868377685547,4.700439453125,433.859130859375,0.7856175899505615
553.0913696289062,79.15403747558594,6.32415771484375,415.73956298828125,0.7678788900375366
587.89404296875,49.299930572509766,6.01318359375,420.749267578125,0.7674667239189148
634.8843383789062,35.448516845703125,5.4217529296875,429.48956298828125,0.7630326747894287
415.6773376464844,162.90464782714844,16.87957763671875,31.053939819335938,0.7573807835578918
