465.80535888671875,172.3820343017578,19.095703125,33.82456970214844,0.9251786470413208
512.5927124023438,115.91846466064453,6.71112060546875,409.0479736328125,0.8214419484138489
461.4176940917969,172.87905883789062,20.149627685546875,35.64164733886719,0.8170695304870605
627.9183959960938,165.8836669921875,10.70111083984375,71.0198974609375,0.8136222958564758
584.2302856445312,99.44227600097656,6.66259765625,402.7833251953125,0.8107308745384216
591.599365234375,177.34490966796875,6.676025390625,422.36529541015625,0.8081170320510864
142.05215454101562,114.57080841064453,14.03448486328125,312.8370666503906,0.7998507022857666
528.8732299804688,172.14309692382812,18.2105712890625,37.31083679199219,0.798481285572052
200.7093048095703,135.67080688476562,9.617263793945312,350.2340087890625,0.7981270551681519
522.9771728515625,173.7628631591797,16.9327392578125,35.77789306640625,0.7813130617141724
