461.5373229980469,172.21786499023438,20.48797607421875,34.52705383300781,0.8624330163002014
419.48419189453125,172.87571716308594,17.197784423828125,31.697372436523438,0.8287319540977478
522.3292236328125,129.6983184814453,6.8343505859375,400.93389892578125,0.8199369311332703
564.9165649414062,169.23916625976562,20.82952880859375,44.606201171875,0.8168985843658447
59.75135803222656,176.26736450195312,16.892356872558594,34.5889892578125,0.8000632524490356
160.99183654785156,138.7384490966797,10.201950073242188,337.90118408203125,0.7990334630012512
454.7926330566406,172.9192657470703,21.057525634765625,37.09785461425781,0.797203540802002
637.1453247070312,54.360206604003906,5.09356689453125,420.0496826171875,0.7962091565132141
556.0669555664062,111.96729278564453,8.115234375,370.2815246582031,0.7911616563796997
533.1302490234375,-12.569804191589355,19.7376708984375,299.1408386230469,0.7909098863601685
