413.5955505371094,156.8378448486328,24.9576416015625,54.31571960449219,0.8694856762886047
636.2275390625,57.98914337158203,6.2830810546875,403.4565124511719,0.8393576145172119
92.5885009765625,147.18247985839844,11.917510986328125,311.4071044921875,0.7998438477516174
629.997314453125,79.92125701904297,5.55572509765625,432.5335693359375,0.7959801554679871
463.61279296875,107.18390655517578,9.12725830078125,355.8588562011719,0.7901730537414551
386.98046875,151.8648681640625,12.39678955078125,354.516845703125,0.7742026448249817
78.62818145751953,144.35791015625,19.308380126953125,248.68576049804688,0.7695586681365967
636.2105102539062,103.43486022949219,4.34356689453125,446.7506103515625,0.7549594640731812
624.4844970703125,128.03036499023438,18.3026123046875,160.57968139648438,0.7441797852516174
632.7955322265625,53.00712966918945,5.923095703125,418.5510559082031,0.7356699705123901
