547.5696411132812,110.3554916381836,9.54345703125,386.6094055175781,0.8375892639160156
505.0515441894531,197.38087463378906,11.671844482421875,376.76922607421875,0.8160982728004456
401.8647766113281,191.37281799316406,21.344451904296875,35.99853515625,0.8112204074859619
634.0011596679688,89.84125518798828,5.44232177734375,441.19757080078125,0.8105071783065796
398.0937194824219,125.4216537475586,9.549163818359375,381.5526428222656,0.8086588978767395
635.2119140625,82.62977600097656,8.7799072265625,338.75799560546875,0.798037588596344
98.03773498535156,142.77069091796875,13.498886108398438,325.5457458496094,0.7960444092750549
475.3354187011719,102.67684936523438,9.435516357421875,378.40869140625,0.7712803483009338
623.7530517578125,82.43711853027344,8.18450927734375,398.59942626953125,0.756536602973938
607.5509643554688,112.01545715332031,10.65399169921875,347.55682373046875,0.7483904361724854
