480.44671630859375,202.32345581054688,32.85211181640625,69.09091186523438,0.9265820980072021
351.37225341796875,207.60955810546875,16.354522705078125,35.32865905761719,0.877571702003479
477.42388916015625,208.7367706298828,19.822021484375,50.61326599121094,0.8474432229995728
348.3311767578125,204.7482147216797,17.448272705078125,35.96446228027344,0.8451317548751831
633.3079833984375,98.6060562133789,6.4110107421875,446.3175354003906,0.83369380235672
419.36474609375,134.36000061035156,10.101776123046875,388.79266357421875,0.8283580541610718
629.1426391601562,141.9966278076172,11.5318603515625,343.365966796875,0.8201311230659485
630.6279296875,149.4004669189453,9.84136962890625,135.0481414794922,0.8030698895454407
630.6273803710938,157.39688110351562,13.017333984375,164.79940795898438,0.8025996685028076
85.72492980957031,151.18504333496094,14.476943969726562,320.3287353515625,0.7905966639518738
