268.6353759765625,180.820068359375,14.819854736328125,30.224014282226562,0.8906424641609192
253.30795288085938,181.82484436035156,16.03045654296875,30.730422973632812,0.8873226642608643
625.298828125,124.88726806640625,16.5792236328125,195.97976684570312,0.8393846750259399
250.6267547607422,184.02249145507812,15.993667602539062,30.338546752929688,0.829460620880127
603.029052734375,91.22718048095703,6.10137939453125,427.785400390625,0.8196917176246643
267.02886962890625,182.97100830078125,15.95855712890625,34.2088623046875,0.8166081309318542
496.7975158691406,114.43202209472656,7.9232177734375,416.8411865234375,0.8056178092956543
310.1501770019531,188.2127685546875,14.270477294921875,28.736968994140625,0.8027856945991516
553.0699462890625,195.69583129882812,9.7734375,398.3473815917969,0.7849792242050171
203.6220703125,133.97572326660156,9.824905395507812,353.45513916015625,0.7829805016517639
