487.3145751953125,121.72820281982422,7.940216064453125,401.623046875,0.8093589544296265
184.03404235839844,135.98385620117188,10.537796020507812,348.0251770019531,0.7961036562919617
597.97509765625,97.00032043457031,6.399169921875,419.72735595703125,0.7931931614875793
459.15313720703125,182.6054229736328,15.93170166015625,28.156295776367188,0.788866400718689
163.10897827148438,124.87366485595703,14.934814453125,313.1401062011719,0.7749749422073364
231.80650329589844,181.37295532226562,22.749710083007812,34.52778625488281,0.7708294987678528
584.9823608398438,187.87747192382812,7.91461181640625,415.2669372558594,0.7669250965118408
41.11251449584961,190.11900329589844,22.87027359008789,55.303985595703125,0.7668700814247131
637.7921142578125,44.455360412597656,4.1390380859375,448.53082275390625,0.7652894854545593
631.5706787109375,70.04935455322266,6.3253173828125,429.07366943359375,0.7631451487541199
