585.6419067382812,167.79530334472656,19.44854736328125,45.31929016113281,0.9746058583259583
582.046630859375,169.45462036132812,20.33013916015625,47.94602966308594,0.8115137815475464
579.4127807617188,105.69412994384766,6.719482421875,391.2593688964844,0.8094978332519531
264.91314697265625,177.50042724609375,19.41607666015625,33.332427978515625,0.8053157925605774
226.6228485107422,139.1732635498047,8.952560424804688,351.63623046875,0.7993731498718262
576.7664794921875,113.73712158203125,5.6058349609375,435.5718994140625,0.7982913255691528
630.7700805664062,70.61791229248047,5.931396484375,424.9759216308594,0.7978287935256958
543.0535278320312,171.2318878173828,20.09307861328125,46.061248779296875,0.7973822355270386
597.8881225585938,175.4027557373047,6.53082275390625,428.82928466796875,0.7946159243583679
180.4449462890625,114.68656921386719,13.221588134765625,323.3712158203125,0.784412682056427
