590.20751953125,169.00320434570312,14.85595703125,36.45555114746094,0.9145727157592773
583.868896484375,102.39166259765625,6.52532958984375,398.1600341796875,0.8120498657226562
529.766357421875,113.2676010131836,6.9267578125,422.3538513183594,0.8088874220848083
425.7762451171875,178.77188110351562,17.909637451171875,40.008056640625,0.8087405562400818
218.88638305664062,135.40382385253906,9.268524169921875,355.3084716796875,0.7996865510940552
531.9443359375,175.3831024169922,24.1845703125,53.97822570800781,0.7980378270149231
636.05859375,59.31465530395508,6.55126953125,401.72174072265625,0.7922210097312927
507.04742431640625,178.6123504638672,24.75848388671875,51.94248962402344,0.7879213094711304
171.1691131591797,114.14906311035156,13.131103515625,325.599365234375,0.7754858732223511
595.1239624023438,180.36306762695312,7.81536865234375,422.6928405761719,0.7719396352767944
