591.0303955078125,169.11962890625,15.08837890625,36.418243408203125,0.8847850561141968
459.45849609375,178.35020446777344,22.0540771484375,45.26713562011719,0.8236575722694397
583.7213745117188,103.02893829345703,6.71417236328125,399.26507568359375,0.8196184635162354
592.7608642578125,168.47474670410156,17.06170654296875,41.44085693359375,0.8155212998390198
505.60028076171875,116.28350067138672,7.129150390625,410.1727294921875,0.8111344575881958
178.1063995361328,135.3345489501953,10.181198120117188,347.25433349609375,0.80147784948349
103.5938949584961,176.91065979003906,26.89348602294922,99.55851745605469,0.7835895419120789
586.2728881835938,177.12005615234375,7.27960205078125,421.0584716796875,0.7796679139137268
635.5194702148438,74.95405578613281,5.36370849609375,431.6580810546875,0.779464066028595
636.8441772460938,85.91056823730469,3.5888671875,456.18902587890625,0.777688205242157
