460.4869384765625,180.40672302246094,20.915374755859375,43.93438720703125,0.8536405563354492
590.3982543945312,169.3353729248047,15.7684326171875,35.754608154296875,0.8288632035255432
590.3765258789062,99.47724914550781,6.51116943359375,407.993408203125,0.8144269585609436
507.02423095703125,114.61738586425781,7.25244140625,413.5455322265625,0.8128071427345276
613.0723876953125,169.64486694335938,16.7578125,61.079986572265625,0.8070583939552307
199.14642333984375,133.87974548339844,9.6680908203125,352.62396240234375,0.7981500625610352
568.0767211914062,86.59104919433594,6.7548828125,426.44964599609375,0.7797399163246155
632.4242553710938,73.91468811035156,5.38043212890625,430.79058837890625,0.7778986096382141
181.44430541992188,113.92761993408203,12.5859375,329.85809326171875,0.7760592103004456
636.8169555664062,85.02330780029297,3.648681640625,456.53094482421875,0.7740082144737244
