629.5708618164062,143.7047882080078,13.09722900390625,177.2422332763672,0.8600917458534241
592.2196655273438,97.81302642822266,6.68402099609375,413.1022644042969,0.8132672905921936
513.3553466796875,116.74132537841797,7.792236328125,420.2152099609375,0.8029400706291199
462.5762939453125,179.39395141601562,20.01654052734375,43.72084045410156,0.7936049103736877
185.7159423828125,133.52236938476562,10.01934814453125,349.7212219238281,0.7890377044677734
550.1483764648438,86.40126037597656,7.10699462890625,415.14752197265625,0.7778935432434082
584.5083618164062,182.876708984375,9.686279296875,418.782470703125,0.7762715220451355
635.1142578125,64.32763671875,4.93115234375,451.96710205078125,0.7620963454246521
155.57505798339844,121.13038635253906,14.936187744140625,319.48883056640625,0.7586775422096252
637.0179443359375,53.78790283203125,5.461669921875,434.3771057128906,0.7520148754119873
