606.6453857421875,172.7955780029297,17.12786865234375,47.65193176269531,0.8557301759719849
589.7235717773438,171.41796875,15.20001220703125,34.578765869140625,0.854367196559906
461.9636535644531,181.7123260498047,19.252532958984375,41.74320983886719,0.8431527018547058
515.4778442382812,114.14099884033203,7.32159423828125,418.79754638671875,0.8094946146011353
578.029541015625,104.15335083007812,7.1624755859375,396.92913818359375,0.7984653115272522
622.1295776367188,169.92857360839844,13.572509765625,39.460052490234375,0.7942970991134644
203.28900146484375,133.70260620117188,9.5634765625,352.60125732421875,0.7898240089416504
447.970947265625,180.54371643066406,20.145050048828125,39.83497619628906,0.7817301750183105
47.60411834716797,182.07728576660156,25.93926239013672,75.51606750488281,0.7743010520935059
569.6524047851562,82.8860092163086,6.53668212890625,424.9114685058594,0.7687616944313049
