240.99423217773438,216.95394897460938,17.30963134765625,25.62591552734375,0.8373074531555176
233.98800659179688,216.4987335205078,19.540817260742188,27.703399658203125,0.8305603265762329
634.7625122070312,91.91397857666016,4.90374755859375,443.2870788574219,0.8177323341369629
599.4236450195312,217.66184997558594,16.09283447265625,37.44572448730469,0.8043627142906189
170.37904357910156,138.24868774414062,11.876296997070312,361.2546691894531,0.8030444383621216
220.19024658203125,214.3897247314453,25.880996704101562,38.148193359375,0.7958787083625793
480.5557556152344,121.71232604980469,9.4967041015625,420.4432373046875,0.7788768410682678
385.0362854003906,176.96104431152344,22.24395751953125,123.43965148925781,0.7549489736557007
344.2348937988281,207.9822235107422,23.235687255859375,72.08570861816406,0.7534506320953369
489.876220703125,124.12876892089844,12.802032470703125,366.37359619140625,0.7433604598045349
