410.19403076171875,125.92105865478516,9.80657958984375,397.5476989746094,0.8053392767906189
564.0166625976562,173.56948852539062,8.1297607421875,423.0131530761719,0.8017237782478333
612.2159423828125,-96.17546081542969,51.97650146484375,326.80792236328125,0.7998523712158203
636.6909790039062,93.66817474365234,3.8604736328125,452.8393859863281,0.7904217839241028
73.1341552734375,147.10580444335938,15.512313842773438,328.4365539550781,0.7849910259246826
633.8572998046875,68.16258239746094,5.0699462890625,442.20556640625,0.7573518753051758
520.3302612304688,93.66561126708984,9.45684814453125,415.7219543457031,0.7566604614257812
625.7630004882812,203.3645477294922,14.51605224609375,117.70970153808594,0.738278865814209
118.73809814453125,127.3921127319336,16.52056884765625,319.4342956542969,0.7308776378631592
628.2044677734375,-78.3500747680664,23.267333984375,408.49530029296875,0.7280049920082092
