438.6356201171875,138.42665100097656,16.957275390625,30.228729248046875,0.9528834819793701
151.96434020996094,148.41392517089844,18.900192260742188,36.19425964355469,0.8117870688438416
453.0910949707031,118.52621459960938,8.845428466796875,396.3260192871094,0.8050172924995422
116.80142211914062,150.67933654785156,19.503463745117188,37.78181457519531,0.7964224219322205
394.74835205078125,154.25,12.472381591796875,16.250030517578125,0.7960497140884399
248.25656127929688,138.50515747070312,8.876617431640625,356.0881652832031,0.7959283590316772
595.2781982421875,166.88841247558594,6.867431640625,427.794189453125,0.7947009205818176
596.3800048828125,81.31771087646484,5.7437744140625,421.3772888183594,0.7944669127464294
632.5736083984375,63.554534912109375,4.3643798828125,443.590576171875,0.7874473333358765
633.60791015625,57.51880645751953,5.09808349609375,440.32598876953125,0.7823976874351501
