634.713623046875,50.219505310058594,7.22125244140625,252.7886962890625,0.8685087561607361
367.8543395996094,116.3423843383789,10.2962646484375,387.3059387207031,0.7991831302642822
583.2041625976562,97.38961791992188,7.24664306640625,410.7104187011719,0.7845984697341919
87.74383544921875,136.08029174804688,12.9769287109375,333.8807373046875,0.7812443375587463
581.7313232421875,165.05784606933594,7.2108154296875,429.04620361328125,0.7661071419715881
149.1173095703125,114.086181640625,14.282501220703125,324.8070068359375,0.7659329771995544
512.1942749023438,90.61045837402344,8.61590576171875,404.00775146484375,0.752331554889679
92.87239837646484,156.6020965576172,31.076072692871094,122.70274353027344,0.7432849407196045
224.34661865234375,185.44766235351562,24.376296997070312,60.13104248046875,0.7346236705780029
68.91825866699219,145.56246948242188,31.33625030517578,138.7828369140625,0.7345189452171326
