500.412353515625,196.29986572265625,13.216064453125,29.110275268554688,0.9104282855987549
482.4985046386719,197.8918914794922,11.595001220703125,27.596405029296875,0.8833828568458557
455.8900146484375,120.23713684082031,7.83819580078125,400.505859375,0.8383735418319702
564.7859497070312,194.9540557861328,17.12701416015625,37.83259582519531,0.8381636142730713
629.5467529296875,-34.23688888549805,20.2281494140625,336.0997314453125,0.8229455947875977
341.30389404296875,191.36062622070312,16.75323486328125,29.597930908203125,0.8075594902038574
230.3813934326172,189.10972595214844,25.746078491210938,61.40730285644531,0.8039089441299438
610.6885375976562,90.3709487915039,5.6556396484375,435.1134338378906,0.8039045333862305
106.38077545166016,154.58384704589844,25.884300231933594,125.16178894042969,0.7968133091926575
282.4056396484375,191.1500244140625,17.758392333984375,34.22117614746094,0.7945561408996582
