534.1119995117188,193.41976928710938,12.6925048828125,28.676055908203125,0.8689066171646118
580.8402709960938,105.10409545898438,7.409423828125,401.8053283691406,0.8208457231521606
387.8345031738281,128.04444885253906,9.50592041015625,380.56341552734375,0.8161790370941162
140.12513732910156,135.45010375976562,11.061813354492188,345.8475341796875,0.8018418550491333
565.6060180664062,184.4207763671875,8.45513916015625,410.757080078125,0.7912185192108154
629.0807495117188,79.6241683959961,6.22064208984375,409.7530517578125,0.7885499596595764
580.2989501953125,184.4733123779297,18.8199462890625,41.28584289550781,0.7871719598770142
584.259765625,183.4840087890625,17.8240966796875,36.084197998046875,0.7825109362602234
71.13143920898438,194.16403198242188,25.065826416015625,63.985015869140625,0.7807270884513855
631.23828125,82.77285766601562,6.326904296875,429.2852478027344,0.7741329669952393
