298.07574462890625,220.57785034179688,18.45245361328125,29.018585205078125,0.8525375723838806
302.3540954589844,221.3135986328125,15.76934814453125,26.678695678710938,0.8415305614471436
536.2095947265625,120.13600158691406,7.969970703125,429.84857177734375,0.8405815362930298
634.712158203125,96.61483001708984,5.33660888671875,447.4286193847656,0.8328062295913696
550.1622924804688,194.66458129882812,9.5263671875,402.7256164550781,0.8177942037582397
72.94432830810547,159.52769470214844,12.782218933105469,299.66961669921875,0.8008810877799988
418.2845458984375,141.61605834960938,20.544647216796875,320.891357421875,0.7815907597541809
624.2054443359375,96.81016540527344,8.4266357421875,407.38055419921875,0.7794941663742065
117.12149047851562,152.01768493652344,16.856307983398438,278.2467041015625,0.7769860029220581
547.2196044921875,98.25775909423828,9.4090576171875,417.89093017578125,0.7760795950889587
