634.7096557617188,92.472412109375,5.03961181640625,444.53131103515625,0.8381134271621704
626.5521240234375,81.0294189453125,7.2064208984375,410.0077209472656,0.8274790048599243
570.0784301757812,117.0534439086914,9.25677490234375,401.3656921386719,0.8237894773483276
547.639892578125,190.6025390625,9.56744384765625,408.406982421875,0.8213928937911987
501.6139221191406,127.89024353027344,8.131103515625,408.77069091796875,0.8195905089378357
628.5482177734375,84.93687438964844,7.2735595703125,431.17950439453125,0.8124557733535767
190.8191680908203,150.26654052734375,11.568801879882812,348.07598876953125,0.809209942817688
292.16424560546875,219.52528381347656,21.18719482421875,29.281463623046875,0.7925224900245667
528.8568725585938,216.83038330078125,24.23486328125,51.36572265625,0.7854899764060974
300.5127258300781,220.31178283691406,17.59661865234375,26.947296142578125,0.7852262258529663
