406.9005126953125,126.52046966552734,10.1351318359375,393.5963439941406,0.8167873620986938
158.7351837158203,136.3316192626953,11.531814575195312,357.17181396484375,0.798055112361908
186.16131591796875,204.75108337402344,16.229278564453125,29.31231689453125,0.7885810136795044
631.3135986328125,140.1202850341797,14.837646484375,232.19346618652344,0.7806357741355896
627.7501220703125,97.1139907836914,8.58294677734375,419.1873474121094,0.7718799710273743
550.3523559570312,93.3939208984375,7.86260986328125,418.1138916015625,0.7706199288368225
635.42041015625,76.87438201904297,6.438720703125,432.9311828613281,0.7634969353675842
617.7033081054688,92.04952239990234,5.639404296875,443.8253479003906,0.7617709040641785
101.80657958984375,141.739013671875,16.147979736328125,289.95794677734375,0.7583698034286499
600.7742919921875,173.74607849121094,6.92572021484375,438.661376953125,0.7561990022659302
