28.98319435119629,163.32998657226562,30.63869285583496,71.58596801757812,0.8090562224388123
572.197021484375,188.55177307128906,7.841064453125,397.26025390625,0.8006841540336609
566.865478515625,98.96965026855469,7.80743408203125,393.94964599609375,0.8005525469779968
375.92401123046875,149.56361389160156,18.09423828125,33.22337341308594,0.79509437084198
458.92132568359375,113.2661361694336,8.210906982421875,396.0848083496094,0.7834764122962952
469.2745361328125,154.13534545898438,18.621429443359375,34.9993896484375,0.7767393589019775
86.61393737792969,162.1459503173828,29.488189697265625,101.16477966308594,0.7759841084480286
57.78889083862305,164.10040283203125,25.039592742919922,43.07090759277344,0.7737129330635071
62.25224304199219,165.62986755371094,28.56505584716797,58.77276611328125,0.77367103099823
42.40595245361328,163.664794921875,28.883544921875,46.37150573730469,0.7723903656005859
