480.7796630859375,153.0946044921875,18.88861083984375,42.09698486328125,0.8690898418426514
610.2112426757812,149.08810424804688,21.41937255859375,52.694122314453125,0.8033249974250793
575.8276977539062,113.9475326538086,5.52728271484375,432.5770568847656,0.7988474369049072
486.12176513671875,153.41510009765625,19.580291748046875,41.06675720214844,0.78531813621521
338.17755126953125,98.75410461425781,11.230712890625,378.73809814453125,0.7775620818138123
606.4352416992188,90.69076538085938,5.988525390625,422.5063781738281,0.7758395671844482
211.55313110351562,160.75527954101562,27.77618408203125,62.940093994140625,0.7738832235336304
615.9381713867188,29.143966674804688,5.05084228515625,446.80316162109375,0.7728112936019897
625.2312622070312,-17.328386306762695,28.49969482421875,330.0124816894531,0.7722560167312622
634.6807250976562,-136.29495239257812,6.8206787109375,441.4334716796875,0.7722102999687195
