460.60711669921875,153.57550048828125,18.928680419921875,37.045501708984375,0.812818169593811
555.39404296875,113.06339263916016,5.67291259765625,422.1600646972656,0.8096078038215637
540.8773193359375,149.08779907226562,20.71209716796875,47.89341735839844,0.8079362511634827
511.44671630859375,153.73707580566406,19.857421875,41.79322814941406,0.7968435287475586
173.53623962402344,107.1317367553711,12.775772094726562,325.40673828125,0.792719841003418
605.3285522460938,92.63410186767578,5.54095458984375,421.73712158203125,0.7907254695892334
600.9537963867188,183.1525115966797,6.39935302734375,415.78411865234375,0.7826744914054871
224.6549835205078,140.0449981689453,9.102859497070312,347.3663330078125,0.7787832021713257
597.2724609375,42.214351654052734,5.8841552734375,428.7131042480469,0.7543514370918274
634.4472045898438,36.776763916015625,5.51416015625,422.9015197753906,0.7510848045349121
