432.4123840332031,146.19032287597656,20.672149658203125,55.119659423828125,0.8524318337440491
569.0548095703125,116.28626251220703,5.75738525390625,430.17437744140625,0.814227819442749
159.6871795654297,112.62930297851562,14.869873046875,322.393310546875,0.8029620051383972
592.2916259765625,43.63666534423828,6.1282958984375,427.4485168457031,0.7965622544288635
636.68603515625,63.997764587402344,6.0966796875,346.78118896484375,0.7799290418624878
607.78662109375,202.13658142089844,7.1243896484375,407.6038818359375,0.7767627835273743
155.62261962890625,157.34210205078125,16.372299194335938,36.09588623046875,0.7724418640136719
119.99807739257812,151.20799255371094,23.2315673828125,95.54682922363281,0.7720263004302979
621.313720703125,82.86831665039062,4.4716796875,437.4434509277344,0.7679798007011414
208.68028259277344,139.52540588378906,9.418533325195312,345.31866455078125,0.7675575017929077
