146.83251953125,157.3632049560547,14.495376586914062,30.61785888671875,0.988298773765564
506.4915466308594,152.3044891357422,16.445953369140625,39.92356872558594,0.8675810098648071
627.62890625,15.308189392089844,23.1343994140625,274.6970520019531,0.8136170506477356
568.477783203125,120.20869445800781,6.15380859375,428.519287109375,0.7894046306610107
349.7445983886719,135.73715209960938,8.529052734375,378.8141174316406,0.7881473898887634
635.0615234375,22.414255142211914,6.4844970703125,430.6838073730469,0.7845726609230042
531.034912109375,42.542537689208984,30.4517822265625,205.65750122070312,0.7842070460319519
585.9044799804688,214.8173370361328,9.1192626953125,390.58935546875,0.7823349237442017
525.8973388671875,153.30615234375,18.8624267578125,39.1304931640625,0.7822456359863281
178.3814697265625,113.17595672607422,20.035552978515625,336.51666259765625,0.7819812297821045
