526.4857177734375,155.95953369140625,22.12384033203125,55.315460205078125,0.9970732927322388
617.96923828125,155.8631134033203,10.14605712890625,85.39462280273438,0.8510640263557434
570.9000244140625,120.43801879882812,5.39581298828125,426.8374328613281,0.8167763948440552
628.15771484375,19.149211883544922,21.71356201171875,300.38116455078125,0.8061447143554688
165.3352508544922,114.08517456054688,11.837738037109375,319.9283447265625,0.7930925488471985
176.1070098876953,134.27305603027344,10.054656982421875,349.62945556640625,0.7917910218238831
127.54397583007812,147.17071533203125,26.99835205078125,105.89288330078125,0.7709580659866333
607.353515625,77.06449890136719,4.64794921875,443.98101806640625,0.7709328532218933
614.3630981445312,96.83941650390625,5.46209716796875,433.3155517578125,0.7696170210838318
635.9742431640625,66.12330627441406,3.63140869140625,457.58294677734375,0.7570143938064575
