82.8390121459961,176.18011474609375,18.85784149169922,47.52616882324219,0.9957774877548218
400.8106994628906,164.44590759277344,35.9149169921875,113.85359191894531,0.8608843088150024
409.1706848144531,163.5824737548828,33.863372802734375,112.58674621582031,0.8566340804100037
634.1992797851562,76.33070373535156,9.0570068359375,375.09368896484375,0.8459547162055969
591.787841796875,93.959716796875,6.41168212890625,414.48748779296875,0.8399364948272705
562.9171752929688,181.5502166748047,8.020263671875,410.62921142578125,0.8380685448646545
74.22618865966797,162.73736572265625,34.368263244628906,104.18496704101562,0.8267151713371277
526.473876953125,117.71028137207031,7.337646484375,422.848876953125,0.8110767006874084
98.1746597290039,175.63485717773438,26.62530517578125,68.5770263671875,0.810760498046875
633.7205200195312,60.37847137451172,5.02984619140625,444.3577575683594,0.8089370727539062
