416.6627197265625,166.42129516601562,30.793304443359375,101.44253540039062,0.8599718809127808
599.23779296875,92.5395278930664,5.8900146484375,418.0086364746094,0.8299989104270935
636.46923828125,52.72812271118164,6.2105712890625,426.18109130859375,0.8267375230789185
462.81927490234375,120.35246276855469,9.16192626953125,405.41851806640625,0.8025808334350586
569.7997436523438,184.01760864257812,8.9725341796875,416.5384216308594,0.7999162673950195
634.7260131835938,79.38739013671875,5.912109375,422.9613037109375,0.7988065481185913
635.9345703125,162.0789337158203,6.1099853515625,448.12677001953125,0.7984437942504883
627.688232421875,70.55525970458984,6.849609375,416.9980773925781,0.7975780963897705
173.8949432373047,130.42996215820312,10.516006469726562,353.1542663574219,0.7874783277511597
626.0958251953125,82.8214111328125,6.89373779296875,430.96405029296875,0.7824103832244873
