427.556640625,165.30245971679688,30.63690185546875,112.07504272460938,0.9329050779342651
633.5587158203125,158.416748046875,7.653564453125,426.66192626953125,0.843626081943512
386.464599609375,175.56292724609375,34.2979736328125,104.681396484375,0.838485062122345
635.7542114257812,152.70562744140625,6.05279541015625,447.7115478515625,0.8274632096290588
397.2768859863281,178.42282104492188,30.271820068359375,98.64425659179688,0.826570987701416
560.6011962890625,185.39019775390625,8.2427978515625,406.95635986328125,0.8223447203636169
523.3074340820312,111.29553985595703,6.80328369140625,419.9188232421875,0.8155375719070435
611.1132202148438,85.98163604736328,5.62579345703125,435.188232421875,0.7979615330696106
634.5643920898438,62.371543884277344,8.88055419921875,394.5145263671875,0.792236328125
440.1055603027344,165.85118103027344,35.95062255859375,105.75886535644531,0.7857197523117065
