423.2193603515625,167.23451232910156,30.68896484375,105.54768371582031,0.8869830965995789
531.43701171875,171.85337829589844,23.74658203125,47.79161071777344,0.8517663478851318
497.9333801269531,168.85260009765625,23.147064208984375,49.06817626953125,0.8456089496612549
513.87841796875,173.00308227539062,21.7371826171875,47.48588562011719,0.8315326571464539
548.4915771484375,109.45099639892578,5.8306884765625,423.7845458984375,0.8218851089477539
385.7008361816406,171.84750366210938,34.460968017578125,103.5052490234375,0.8014557361602783
636.8662109375,84.32138061523438,3.76971435546875,458.2329406738281,0.7971319556236267
159.49461364746094,113.14662170410156,13.374221801757812,313.57672119140625,0.792407214641571
599.1005859375,93.5346908569336,6.001708984375,417.22564697265625,0.7918736934661865
636.2317504882812,158.7040252685547,5.64312744140625,447.49969482421875,0.7910805344581604
