431.3727111816406,124.59009552001953,9.093414306640625,396.521240234375,0.8068023324012756
635.8624877929688,90.9434814453125,4.45281982421875,449.666748046875,0.793087899684906
629.1370849609375,169.52780151367188,10.83282470703125,119.84033203125,0.7807201147079468
520.7401123046875,183.6482391357422,9.36126708984375,402.65924072265625,0.7715044617652893
509.7466735839844,99.63919067382812,9.675567626953125,405.4239501953125,0.7675880789756775
544.8541870117188,115.19413757324219,9.6806640625,385.565185546875,0.7526119947433472
621.7589721679688,113.83480834960938,11.28826904296875,334.45751953125,0.7506052255630493
291.1446838378906,197.14053344726562,19.506744384765625,34.196380615234375,0.7464615106582642
124.78823852539062,128.5977325439453,15.4329833984375,312.18487548828125,0.7438871264457703
611.2334594726562,189.6009063720703,22.0399169921875,91.89106750488281,0.7438719272613525
