474.6722717285156,138.80172729492188,46.970062255859375,143.27767944335938,0.9878581762313843
498.87249755859375,139.49464416503906,57.9422607421875,142.37098693847656,0.9231032729148865
495.05023193359375,157.4215545654297,40.5135498046875,123.48240661621094,0.9056785702705383
484.45751953125,143.7805938720703,43.04681396484375,130.66468811035156,0.8598166704177856
458.2180480957031,115.51210021972656,7.993011474609375,395.84814453125,0.8512727618217468
625.8367919921875,74.43217468261719,7.59649658203125,406.89044189453125,0.8382055163383484
482.9169921875,155.16038513183594,47.99481201171875,151.7660369873047,0.8335254192352295
632.2368774414062,74.37638092041016,5.127685546875,442.9421081542969,0.8119993805885315
120.6874771118164,137.28848266601562,12.452842712402344,338.6402282714844,0.8009542226791382
585.432373046875,172.72283935546875,6.86260986328125,421.21771240234375,0.7965000867843628
