380.1512451171875,183.83087158203125,14.045196533203125,27.45745849609375,0.82865309715271
538.7623291015625,183.10707092285156,10.67864990234375,401.0274658203125,0.8241556286811829
443.6241455078125,117.04855346679688,8.749237060546875,399.1739196777344,0.814024806022644
616.2264404296875,83.77790832519531,5.78179931640625,446.88818359375,0.8109039068222046
161.8136444091797,177.70350646972656,22.27618408203125,48.711334228515625,0.8049789071083069
183.02040100097656,128.59426879882812,10.615890502929688,358.9203796386719,0.7916930913925171
633.2233276367188,89.12687683105469,5.71600341796875,436.3446044921875,0.7889174818992615
518.4586791992188,86.98681640625,8.0,406.0089111328125,0.7858737111091614
199.36378479003906,108.26864624023438,13.059738159179688,341.3791198730469,0.7858547568321228
118.58307647705078,145.49769592285156,25.998390197753906,150.15892028808594,0.7805701494216919
