493.9810485839844,187.3343048095703,20.415863037109375,50.883636474609375,0.9145657420158386
517.4323120117188,188.63626098632812,19.766845703125,52.29331970214844,0.8974264860153198
526.3857421875,185.3252410888672,21.55377197265625,56.124725341796875,0.8813610672950745
498.2418212890625,194.1331024169922,21.82745361328125,53.62158203125,0.8537644743919373
443.77935791015625,125.32858276367188,8.5347900390625,393.5298767089844,0.8380221724510193
636.8895874023438,109.76919555664062,5.18743896484375,432.8973083496094,0.8153812289237976
558.3428344726562,113.39720153808594,9.19451904296875,391.595947265625,0.7892965078353882
433.18206787109375,189.78549194335938,19.4119873046875,40.31117248535156,0.7665292024612427
476.10321044921875,105.92266845703125,10.031585693359375,381.5532531738281,0.7651554346084595
104.3802490234375,145.1556396484375,15.794479370117188,277.43505859375,0.7542852759361267
