526.0816040039062,179.293701171875,23.8121337890625,63.45330810546875,0.977128803730011
481.78515625,120.04277038574219,8.003631591796875,411.61688232421875,0.8336660861968994
637.1994018554688,104.45657348632812,4.8431396484375,443.1786804199219,0.8012111186981201
131.9589080810547,195.5715789794922,20.242507934570312,35.48835754394531,0.7869940400123596
515.2589111328125,181.3796844482422,21.1954345703125,57.1517333984375,0.7856345772743225
572.7433471679688,106.81304168701172,8.42437744140625,406.20843505859375,0.7819163799285889
504.9320068359375,186.53506469726562,23.174560546875,58.122711181640625,0.7721570730209351
74.76021575927734,153.54150390625,16.46265411376953,264.2441711425781,0.7704740166664124
630.5411376953125,82.18653106689453,6.46527099609375,427.5701904296875,0.7677742838859558
91.5526123046875,146.4868621826172,12.672019958496094,333.0601806640625,0.7665812373161316
