552.063232421875,180.15518188476562,16.64794921875,43.37159729003906,0.9265944957733154
624.0055541992188,83.56155395507812,8.4976806640625,411.53704833984375,0.8610896468162537
630.8372802734375,-46.54960250854492,17.7081298828125,371.5653381347656,0.8365228176116943
495.6529235839844,185.34735107421875,15.174346923828125,36.169281005859375,0.8358635902404785
145.77035522460938,196.8030548095703,22.430328369140625,41.12646484375,0.8357007503509521
502.83734130859375,120.33688354492188,8.39263916015625,413.4333801269531,0.8348237872123718
567.4249877929688,196.09141540527344,10.4781494140625,407.56585693359375,0.8086798191070557
169.89593505859375,133.77464294433594,10.421630859375,350.4521484375,0.7976480722427368
594.0726318359375,95.72699737548828,7.71734619140625,428.05169677734375,0.7918388843536377
467.18878173828125,190.06602478027344,16.573974609375,34.5048828125,0.787686288356781
