353.8976745605469,180.77882385253906,25.59576416015625,58.44239807128906,0.8751716613769531
565.2808837890625,188.0189971923828,21.4315185546875,42.88496398925781,0.850217342376709
626.242431640625,87.78453826904297,6.37286376953125,387.72491455078125,0.8469406962394714
481.77056884765625,185.5845489501953,15.48046875,29.416946411132812,0.8437594771385193
485.47161865234375,123.13333129882812,7.6773681640625,402.0990295410156,0.8283578157424927
592.8465576171875,187.4032440185547,20.38916015625,50.91178894042969,0.822235107421875
159.8621826171875,137.550537109375,11.351730346679688,345.9738464355469,0.8071390986442566
612.8577880859375,92.23519897460938,6.3831787109375,434.2517395019531,0.8054509162902832
558.8068237304688,186.7207489013672,9.09979248046875,409.446044921875,0.7957574725151062
536.93505859375,187.2152099609375,17.274658203125,39.417083740234375,0.7951309084892273
