118.56130981445312,158.66575622558594,24.88720703125,65.05587768554688,0.9972285628318787
127.84872436523438,153.85061645507812,46.0577392578125,105.55850219726562,0.9942481517791748
552.9172973632812,-63.9082145690918,13.45196533203125,363.6370544433594,0.8498556613922119
622.6712646484375,164.4286346435547,14.65863037109375,80.25480651855469,0.8375378847122192
89.28356170654297,143.20814514160156,25.89434051513672,269.7275390625,0.8269091248512268
110.40581512451172,138.0959014892578,14.974388122558594,321.9276123046875,0.8222963809967041
121.03939056396484,161.17881774902344,18.241004943847656,44.923553466796875,0.8176354169845581
627.268310546875,91.77120208740234,7.5279541015625,409.8304748535156,0.8139943480491638
501.76776123046875,115.07566833496094,9.47509765625,416.20843505859375,0.8111253380775452
637.6006469726562,47.29220962524414,4.4581298828125,444.8009948730469,0.8102138042449951
