567.6083984375,162.21607971191406,38.5853271484375,90.75657653808594,0.9942575693130493
85.73733520507812,181.05638122558594,13.994728088378906,40.420379638671875,0.9829276204109192
181.43527221679688,170.8204345703125,83.49349975585938,72.28712463378906,0.973404049873352
471.059814453125,168.00462341308594,37.28179931640625,76.82942199707031,0.9507513046264648
590.5541381835938,165.44325256347656,31.15899658203125,84.06492614746094,0.9291606545448303
312.0057373046875,181.90115356445312,15.032867431640625,29.950958251953125,0.8934942483901978
611.2728271484375,171.28611755371094,22.30511474609375,82.53451538085938,0.8735393285751343
599.4227905273438,102.13967895507812,10.525146484375,324.1645202636719,0.8579309582710266
581.64111328125,169.50152587890625,29.4541015625,71.71406555175781,0.8524484634399414
404.6484375,99.91944122314453,16.490020751953125,308.1639404296875,0.8331999778747559
