625.554931640625,-24.365758895874023,27.67327880859375,360.08880615234375,0.8514478206634521
615.9255981445312,109.29302215576172,9.43682861328125,353.18109130859375,0.836711049079895
59.08456802368164,165.10740661621094,27.152935028076172,239.9312286376953,0.831612765789032
493.5458068847656,230.7566375732422,15.313323974609375,356.91339111328125,0.8219074010848999
447.5950622558594,126.76387023925781,11.02630615234375,406.7381591796875,0.8200501799583435
636.7471313476562,98.18152618408203,4.385986328125,455.77606201171875,0.8089892268180847
113.6745834350586,133.95947265625,16.920188903808594,351.797119140625,0.8082411289215088
514.8161010742188,-17.862911224365234,19.05133056640625,330.168212890625,0.8073104619979858
634.2808227539062,96.78543090820312,5.5594482421875,443.7591247558594,0.8071255683898926
468.10516357421875,196.97181701660156,16.83343505859375,28.763946533203125,0.8058964610099792
