608.45361328125,117.74601745605469,10.06256103515625,341.13983154296875,0.8502573370933533
80.04375457763672,169.32313537597656,23.56043243408203,242.8183135986328,0.8417340517044067
559.0787353515625,193.24368286132812,9.78753662109375,410.4721984863281,0.8385299444198608
154.59234619140625,138.6998291015625,13.388397216796875,348.35418701171875,0.8342437744140625
468.1370849609375,202.1465606689453,16.552978515625,28.72735595703125,0.8264146447181702
446.8699645996094,131.31951904296875,9.969085693359375,394.4395751953125,0.8261473178863525
632.6238403320312,100.8058853149414,6.59112548828125,440.1358337402344,0.8218087553977966
521.0305786132812,196.84092712402344,18.3917236328125,39.00981140136719,0.8173297047615051
629.1156005859375,194.46481323242188,13.0428466796875,100.51104736328125,0.7989843487739563
609.1849365234375,125.53346252441406,21.4404296875,316.23455810546875,0.798304557800293
