526.1439819335938,193.85150146484375,18.659423828125,41.54107666015625,0.8500346541404724
531.338134765625,203.37643432617188,11.19476318359375,392.3727111816406,0.8449159860610962
135.76577758789062,141.09085083007812,13.754730224609375,339.2524108886719,0.8376941680908203
59.68088150024414,172.69422912597656,24.416667938232422,224.95936584472656,0.8341320753097534
618.3811645507812,109.0332260131836,9.099853515625,363.4477844238281,0.8333046436309814
412.91058349609375,133.83462524414062,11.7215576171875,386.9773864746094,0.8272076845169067
405.85235595703125,140.2392120361328,18.52117919921875,309.6304931640625,0.8162643909454346
469.8075866699219,202.4595184326172,17.439483642578125,29.383270263671875,0.8117428421974182
482.61627197265625,199.7573699951172,15.84344482421875,28.62109375,0.8064101934432983
636.9611206054688,98.57927703857422,4.3065185546875,459.71502685546875,0.8021746873855591
