562.956787109375,202.374267578125,18.94427490234375,34.503997802734375,0.8774892687797546
486.7582702636719,130.62893676757812,8.012908935546875,397.9808654785156,0.8398486971855164
597.4290771484375,207.3142852783203,19.97821044921875,39.53608703613281,0.8171038031578064
593.5479125976562,105.70458221435547,7.0604248046875,413.59246826171875,0.8041973114013672
159.46450805664062,138.90609741210938,11.316421508789062,349.614990234375,0.7970641255378723
461.6669921875,197.80093383789062,17.920440673828125,32.878570556640625,0.7938543558120728
127.13581085205078,146.65057373046875,14.179405212402344,278.1355895996094,0.7785338759422302
603.8516845703125,-15.043630599975586,25.4825439453125,335.7754211425781,0.7649136185646057
635.8985595703125,78.83009338378906,5.56781005859375,439.89532470703125,0.7597540616989136
545.343505859375,196.17340087890625,20.39007568359375,37.299957275390625,0.7595645189285278
