580.4256591796875,126.83735656738281,6.35101318359375,436.28753662109375,0.8074761629104614
632.958740234375,93.03351593017578,6.07684326171875,442.2142333984375,0.7988862991333008
344.90985107421875,137.36048889160156,8.281646728515625,388.31817626953125,0.7983694076538086
620.6217041015625,98.28211975097656,7.9788818359375,410.12200927734375,0.7950279712677002
541.4697875976562,57.42304992675781,53.18548583984375,243.74192810058594,0.7845159769058228
634.8896484375,83.69782257080078,6.2939453125,432.4720458984375,0.7792428135871887
606.7583618164062,184.74456787109375,7.23162841796875,439.46685791015625,0.7769807577133179
638.2857055664062,111.72230529785156,3.1708984375,451.39013671875,0.7755711078643799
637.0584716796875,96.53372955322266,4.135986328125,459.1064147949219,0.7676159143447876
269.18304443359375,118.66738891601562,11.205413818359375,348.12298583984375,0.764980137348175
