630.4454956054688,174.79673767089844,14.04730224609375,157.1175994873047,0.8361700773239136
505.90252685546875,124.69657135009766,7.662353515625,412.3603820800781,0.8155817985534668
577.4273071289062,178.78968811035156,7.7532958984375,428.26531982421875,0.8126906156539917
634.1934814453125,95.83390808105469,5.21820068359375,441.3460693359375,0.8101240992546082
177.4742889404297,136.81594848632812,10.997695922851562,362.369384765625,0.80794757604599
608.2703247070312,99.84221649169922,6.26904296875,432.42425537109375,0.7999420166015625
625.5020751953125,85.9596176147461,8.27166748046875,420.0810546875,0.7790600061416626
631.9144287109375,-76.64783477783203,15.84344482421875,415.03546142578125,0.7746437788009644
638.1157836914062,115.91960906982422,3.46563720703125,451.61663818359375,0.7741419672966003
604.752197265625,114.12247467041016,9.42498779296875,325.67791748046875,0.7688674330711365
