525.1325073242188,199.5487823486328,17.56146240234375,37.127044677734375,0.9341747164726257
570.1527099609375,206.06211853027344,18.29296875,34.78929138183594,0.9272736310958862
519.521484375,129.16082763671875,7.566650390625,411.83984375,0.838821291923523
584.5,172.85459899902344,7.48895263671875,433.7000732421875,0.8216162323951721
602.2196655273438,97.10385131835938,6.5943603515625,427.4748840332031,0.8181276321411133
616.5545654296875,107.15077209472656,8.700439453125,357.528564453125,0.8086516857147217
634.7156982421875,94.81539916992188,5.08648681640625,447.2892150878906,0.808146059513092
169.8654022216797,135.5561981201172,10.834579467773438,355.05108642578125,0.8070389032363892
638.2316284179688,111.19015502929688,3.25604248046875,453.1385803222656,0.8006402850151062
633.3711547851562,71.82061767578125,10.83160400390625,352.7261657714844,0.7966758012771606
