535.0667724609375,154.22483825683594,24.456298828125,63.76048278808594,0.9961242079734802
530.0968627929688,161.12022399902344,18.31585693359375,56.30934143066406,0.9282534718513489
624.3353271484375,26.919864654541016,29.0592041015625,299.0863342285156,0.844429075717926
598.9615478515625,123.34223175048828,4.71697998046875,438.0157470703125,0.8130925893783569
634.3494262695312,58.082000732421875,4.283447265625,436.1189880371094,0.8099391460418701
609.6922607421875,88.93614196777344,5.560302734375,429.1068115234375,0.7985698580741882
192.25747680664062,97.96697998046875,12.876205444335938,350.24615478515625,0.7776992917060852
585.7537841796875,161.9093017578125,20.624755859375,53.54747009277344,0.7656771540641785
634.259765625,41.90009689331055,5.74017333984375,425.78594970703125,0.7464820742607117
630.53466796875,-103.09381103515625,11.106201171875,406.6105651855469,0.7458348870277405
