448.7117004394531,163.85140991210938,14.46624755859375,35.78044128417969,0.9714633226394653
596.0335693359375,118.41014099121094,4.76837158203125,437.47711181640625,0.8298792839050293
628.220703125,140.2716064453125,10.858154296875,67.69068908691406,0.8056848645210266
569.0961303710938,146.44454956054688,22.393310546875,54.655242919921875,0.7945408225059509
73.4500732421875,139.10891723632812,30.381324768066406,98.88639831542969,0.792634904384613
459.832763671875,103.86468505859375,7.351226806640625,382.3761291503906,0.7901896238327026
634.889404296875,36.35175704956055,4.46734619140625,435.2628173828125,0.7877408266067505
197.705078125,100.15946197509766,13.047332763671875,346.2178955078125,0.7822412848472595
598.7958984375,43.89248275756836,5.3411865234375,432.0804443359375,0.7781295776367188
611.5001831054688,97.45538330078125,4.82928466796875,417.48321533203125,0.768330991268158
