573.8019409179688,161.4592742919922,20.82501220703125,49.90223693847656,0.8971707224845886
536.2756958007812,118.11296844482422,7.20159912109375,422.41595458984375,0.8253945708274841
585.58740234375,161.622802734375,22.16534423828125,56.27789306640625,0.8234770894050598
633.5929565429688,60.412071228027344,5.07720947265625,437.0069885253906,0.8156307339668274
637.5880126953125,40.90365982055664,4.3983154296875,438.8382873535156,0.7843095064163208
209.9090576171875,144.77012634277344,8.790206909179688,342.0452880859375,0.7836216688156128
244.43983459472656,102.70771789550781,12.419326782226562,354.42987060546875,0.7815330624580383
223.65423583984375,127.87945556640625,21.382598876953125,147.1151123046875,0.7747464776039124
589.7666015625,79.11267852783203,5.20977783203125,431.2483825683594,0.774237871170044
570.1473388671875,126.64242553710938,7.82696533203125,374.32562255859375,0.7623544931411743
