533.749267578125,153.7752685546875,19.32977294921875,45.19866943359375,0.8422064781188965
525.942626953125,152.5751953125,19.92071533203125,45.25691223144531,0.8290340304374695
565.4715576171875,148.43844604492188,19.607666015625,47.27684020996094,0.8106900453567505
560.1215209960938,113.40735626220703,6.04791259765625,428.88641357421875,0.8067874312400818
617.5756225585938,56.80390930175781,41.84100341796875,209.8824005126953,0.7974804043769836
579.2715454101562,152.7015380859375,19.74493408203125,45.59614562988281,0.7855201959609985
175.1534881591797,106.02793884277344,13.656768798828125,330.63555908203125,0.7700809240341187
444.2065124511719,113.09911346435547,8.71710205078125,372.64105224609375,0.7598075866699219
513.51708984375,151.9210662841797,18.4266357421875,43.012298583984375,0.7585881352424622
147.53985595703125,148.32791137695312,9.92437744140625,319.6364440917969,0.7568743824958801
