586.4600219726562,153.55491638183594,19.74835205078125,53.18138122558594,0.8234707713127136
628.4921875,147.26873779296875,11.13616943359375,65.9395751953125,0.8179494142532349
579.4779663085938,112.23413848876953,5.6915283203125,438.3907470703125,0.7951843738555908
222.95101928710938,151.51177978515625,8.71771240234375,333.9425964355469,0.791893720626831
592.969482421875,157.57118225097656,21.632080078125,56.90037536621094,0.7870053052902222
220.21714782714844,103.3059310913086,12.01171875,342.3645324707031,0.7788568139076233
622.310791015625,80.22757720947266,4.92059326171875,438.1689758300781,0.7760401964187622
538.4111328125,156.99913024902344,19.1651611328125,44.37904357910156,0.7687221765518188
637.2177124023438,85.77469635009766,3.4298095703125,457.6177062988281,0.7635374069213867
632.937744140625,43.62791061401367,5.58880615234375,424.7177734375,0.7519479393959045
