239.7821807861328,106.1826171875,10.830459594726562,342.1305847167969,0.8160465359687805
600.4151611328125,126.95740509033203,4.46099853515625,431.8203125,0.8147682547569275
574.30078125,53.08338928222656,7.2220458984375,414.61236572265625,0.8047226667404175
621.1097412109375,113.00069427490234,9.64898681640625,312.9897155761719,0.7987755537033081
598.4768676757812,198.1454620361328,7.33929443359375,403.15057373046875,0.7924356460571289
618.872314453125,86.6177978515625,4.73956298828125,438.6124267578125,0.783753514289856
637.910400390625,38.75740432739258,3.9010009765625,441.41790771484375,0.7713718414306641
304.0980529785156,148.43692016601562,8.66729736328125,365.8190002441406,0.7596644163131714
588.764404296875,73.75872802734375,5.21136474609375,435.8893737792969,0.7593114376068115
621.2568969726562,81.4234848022461,12.32757568359375,308.9599914550781,0.7561324834823608
