54.22309875488281,172.79934692382812,14.382659912109375,36.182220458984375,0.962931752204895
33.350894927978516,175.7348175048828,13.70407485961914,35.203765869140625,0.9365331530570984
89.93954467773438,145.3976287841797,14.973548889160156,302.23663330078125,0.8220463395118713
595.7593383789062,114.0990982055664,15.75177001953125,272.3374938964844,0.8131111264228821
164.13729858398438,143.88479614257812,18.382843017578125,200.82125854492188,0.809158444404602
250.54306030273438,153.43173217773438,22.120697021484375,220.19064331054688,0.8001182079315186
25.63503646850586,187.7088623046875,27.731571197509766,150.07763671875,0.7967058420181274
20.155242919921875,175.46139526367188,13.642784118652344,34.997222900390625,0.7824575304985046
15.199776649475098,174.34536743164062,13.920659065246582,36.4208984375,0.7784855961799622
315.91302490234375,57.569297790527344,18.30145263671875,184.30502319335938,0.7778258323669434
