624.0838012695312,87.95423889160156,7.53271484375,389.0435791015625,0.8439675569534302
580.4435424804688,102.64542388916016,7.905029296875,405.9601745605469,0.8313927054405212
85.25128173828125,158.00770568847656,20.701126098632812,239.2682647705078,0.8292717933654785
87.32081604003906,134.3054656982422,12.562957763671875,320.59619140625,0.8211504220962524
636.003173828125,73.802490234375,6.65118408203125,397.0194091796875,0.8091274499893188
632.5928955078125,78.94186401367188,5.388427734375,430.3572998046875,0.8079804182052612
570.8883056640625,237.0986785888672,13.8468017578125,347.56085205078125,0.8055923581123352
623.9176025390625,119.77217864990234,14.01788330078125,281.6702880859375,0.7956706881523132
553.8976440429688,123.43592834472656,6.5621337890625,421.60101318359375,0.7945244908332825
356.912109375,113.12123107910156,15.1141357421875,353.3485107421875,0.7926442623138428
