438.1163024902344,173.7538604736328,13.89678955078125,32.18565368652344,0.9809541702270508
183.56912231445312,178.79029846191406,12.033889770507812,22.907608032226562,0.9682932496070862
533.41748046875,161.09994506835938,24.085693359375,56.270172119140625,0.8102225661277771
305.22369384765625,175.03097534179688,12.136962890625,39.043212890625,0.807093620300293
518.125732421875,114.72520446777344,6.95709228515625,413.381591796875,0.803468644618988
195.6001434326172,139.12417602539062,10.201263427734375,343.5837097167969,0.7921004891395569
556.76806640625,162.18067932128906,25.3721923828125,57.83775329589844,0.7911539673805237
593.0615234375,93.27863311767578,6.8619384765625,414.4510498046875,0.7906203866004944
633.97265625,67.61553955078125,4.381591796875,450.41680908203125,0.7832010388374329
619.23388671875,162.58932495117188,16.7767333984375,72.17494201660156,0.7828786373138428
