438.6800537109375,170.1318817138672,15.740570068359375,34.97981262207031,0.8787553310394287
480.21173095703125,119.25019836425781,7.90069580078125,404.50341796875,0.819894015789032
407.157958984375,170.00437927246094,13.5692138671875,31.469467163085938,0.8108327984809875
530.96337890625,85.88473510742188,7.62396240234375,411.8791198730469,0.8070151805877686
123.2339859008789,143.29026794433594,10.369712829589844,323.44549560546875,0.7989179491996765
631.2626953125,117.82820892333984,12.9144287109375,206.67745971679688,0.7953168749809265
620.638427734375,89.40028381347656,5.37322998046875,435.9400634765625,0.7929547429084778
138.6124725341797,118.13162231445312,15.457489013671875,313.9976806640625,0.7821566462516785
442.1943359375,168.92071533203125,19.026702880859375,41.42054748535156,0.7778307795524597
465.93841552734375,166.63987731933594,18.4407958984375,41.43983459472656,0.7653672695159912
