546.28369140625,160.0021209716797,28.3221435546875,72.87339782714844,0.9980598092079163
544.5667114257812,165.7639617919922,19.82879638671875,57.820556640625,0.9305053353309631
542.2224731445312,165.17044067382812,18.12384033203125,52.11351013183594,0.899324357509613
591.506591796875,92.7809829711914,7.04083251953125,421.8847961425781,0.8335561156272888
418.9373779296875,170.21131896972656,14.12139892578125,35.45457458496094,0.8270872831344604
557.1595458984375,118.2491683959961,6.6187744140625,434.5989685058594,0.7981579899787903
576.5363159179688,166.40834045410156,27.77593994140625,65.63539123535156,0.7968284487724304
603.141357421875,163.3080291748047,12.5858154296875,67.29197692871094,0.7826120257377625
18.101181030273438,177.9893341064453,26.143699645996094,75.01023864746094,0.7788088917732239
608.7152709960938,166.6496124267578,23.8155517578125,73.62258911132812,0.7693282961845398
