508.97149658203125,159.5411376953125,19.33502197265625,50.707427978515625,0.9918912649154663
534.2493286132812,167.89682006835938,21.87841796875,58.63829040527344,0.8471758365631104
554.8013305664062,111.0007553100586,6.22344970703125,431.6906433105469,0.842007577419281
631.3740844726562,-31.04750633239746,16.25860595703125,351.2164001464844,0.8272008299827576
418.666748046875,160.51873779296875,21.6893310546875,48.260986328125,0.8137529492378235
634.3964233398438,108.42935180664062,9.35693359375,248.21261596679688,0.8073648810386658
463.3812255859375,160.87510681152344,18.35687255859375,44.296356201171875,0.8059206604957581
200.8666229248047,136.49636840820312,9.927169799804688,350.69903564453125,0.7975654006004333
585.4627685546875,46.94080352783203,6.3670654296875,422.8060302734375,0.795120894908905
233.9962615966797,132.53623962402344,13.293411254882812,302.31805419921875,0.7742403745651245
