355.0840759277344,196.65480041503906,14.418182373046875,28.627105712890625,0.8651197552680969
347.8725891113281,198.81515502929688,13.28521728515625,28.81573486328125,0.8363308310508728
272.87640380859375,127.12002563476562,12.32977294921875,365.6719665527344,0.8167543411254883
67.65911102294922,141.43795776367188,16.071426391601562,314.30780029296875,0.8133640885353088
584.2111206054688,100.28729248046875,7.67730712890625,414.69384765625,0.8095445036888123
631.4317016601562,81.59761810302734,6.41778564453125,433.1306457519531,0.8001396656036377
60.274131774902344,148.9142608642578,18.67327117919922,251.4790496826172,0.7931811809539795
561.9154052734375,189.2421417236328,8.7452392578125,407.88275146484375,0.789766788482666
323.7696533203125,195.86952209472656,14.31005859375,26.259445190429688,0.7873234748840332
538.3252563476562,198.3542938232422,30.79827880859375,72.32463073730469,0.779339611530304
