522.0267333984375,192.3516387939453,22.91729736328125,52.98065185546875,0.8790415525436401
619.7864990234375,161.783203125,14.96453857421875,160.90377807617188,0.8276731967926025
630.5594482421875,72.72016906738281,5.84429931640625,420.00390625,0.8275789022445679
396.0828857421875,125.86402130126953,9.640106201171875,385.3240966796875,0.8172208666801453
599.7556762695312,102.22954559326172,6.921630859375,423.2076416015625,0.8125131726264954
158.8021697998047,137.32469177246094,11.259872436523438,348.3660888671875,0.8064606785774231
565.5877075195312,190.56930541992188,30.57025146484375,67.79385375976562,0.7889766693115234
635.8279418945312,97.78614807128906,4.5794677734375,446.6776123046875,0.7870240211486816
573.788330078125,203.25604248046875,8.88037109375,393.81048583984375,0.774226725101471
589.93310546875,189.3548583984375,27.8367919921875,69.356689453125,0.7714031338691711
