119.790771484375,196.0990447998047,17.036941528320312,26.427932739257812,0.9502983689308167
114.30938720703125,196.13172912597656,17.204269409179688,26.813858032226562,0.8197380900382996
415.9060974121094,124.57665252685547,9.52911376953125,387.7276611328125,0.8133122324943542
87.98298645019531,197.6048126220703,16.08789825439453,27.4705810546875,0.8026967644691467
110.84308624267578,138.51596069335938,12.163444519042969,333.6930236816406,0.7988013029098511
609.8079223632812,98.49005889892578,6.41546630859375,429.56768798828125,0.7948387861251831
577.1867065429688,33.824127197265625,41.0831298828125,251.75424194335938,0.790020227432251
554.9901733398438,205.27120971679688,10.203369140625,384.2594909667969,0.7745141386985779
556.2348022460938,94.80850982666016,8.0743408203125,424.6923522949219,0.7683523297309875
636.3235473632812,92.1552505493164,4.4454345703125,455.1737365722656,0.7680268287658691
