109.13860321044922,155.7682342529297,18.86731719970703,270.10791015625,0.8540918827056885
622.925537109375,81.38726043701172,8.22576904296875,404.0845031738281,0.8513649702072144
120.264892578125,190.60076904296875,13.566986083984375,26.029266357421875,0.8368953466415405
520.7488403320312,136.118896484375,8.8719482421875,416.30938720703125,0.8183909058570862
92.80802917480469,147.6998748779297,13.595161437988281,310.9522705078125,0.8164617419242859
72.9153060913086,194.17965698242188,14.829978942871094,27.840591430664062,0.8098769187927246
78.88285827636719,193.35720825195312,15.501785278320312,28.95831298828125,0.7979311347007751
631.134033203125,131.5460205078125,14.9288330078125,255.1363525390625,0.7970935702323914
631.5332641601562,90.45845031738281,5.679931640625,440.49407958984375,0.7962207198143005
576.18212890625,119.68229675292969,10.4547119140625,401.92376708984375,0.795786440372467
