242.1119842529297,177.9506072998047,26.765823364257812,26.328765869140625,0.914129376411438
570.8330078125,99.00208282470703,7.81207275390625,401.48382568359375,0.8536004424095154
481.0939025878906,121.94367980957031,8.773101806640625,408.5540771484375,0.8481618165969849
122.65181732177734,180.8165283203125,18.515113830566406,30.538955688476562,0.845392107963562
574.94677734375,203.5460662841797,11.3712158203125,387.7025146484375,0.8360649347305298
628.7915649414062,76.87069702148438,7.4371337890625,425.5603942871094,0.83074951171875
302.24652099609375,134.697509765625,7.800537109375,372.40289306640625,0.8294743299484253
101.60028076171875,128.7613067626953,16.94628143310547,282.35186767578125,0.8194941282272339
496.58648681640625,92.5364990234375,8.86834716796875,400.826416015625,0.8158465623855591
636.7161865234375,62.37211608886719,5.7935791015625,422.9847412109375,0.8097605109214783
