177.59536743164062,191.22889709472656,15.053253173828125,26.769683837890625,0.9504730701446533
119.35303497314453,190.93292236328125,18.623130798339844,28.854598999023438,0.8136696815490723
599.4288330078125,97.02272033691406,6.45623779296875,421.776611328125,0.8051402568817139
448.7321472167969,124.65509796142578,9.2047119140625,397.10858154296875,0.7975785136222839
18.782325744628906,187.33621215820312,25.313037872314453,45.17503356933594,0.7903652787208557
578.15283203125,190.5038299560547,8.6339111328125,410.69512939453125,0.7783804535865784
105.74256896972656,138.57089233398438,11.866134643554688,330.5838317871094,0.7774438858032227
6.875402927398682,185.742919921875,26.160470962524414,45.644439697265625,0.7701836228370667
185.08636474609375,188.81396484375,16.327362060546875,31.4791259765625,0.7679000496864319
633.6492309570312,70.11003875732422,6.169189453125,446.72882080078125,0.7620974183082581
