155.6929168701172,183.8532257080078,12.142791748046875,28.016250610351562,0.95599764585495
237.38433837890625,131.90151977539062,10.11474609375,363.3001708984375,0.8337973356246948
495.67681884765625,206.69618225097656,11.34344482421875,371.230712890625,0.8226820230484009
551.3189697265625,115.7806625366211,7.12213134765625,431.6606750488281,0.82171231508255
539.74462890625,105.12136840820312,11.47100830078125,385.6710510253906,0.8208302855491638
154.81668090820312,135.137451171875,18.791961669921875,300.399169921875,0.8184400796890259
629.2703857421875,168.68771362304688,14.7568359375,133.27999877929688,0.810337483882904
630.57470703125,-40.152095794677734,18.1588134765625,381.4703063964844,0.7926468849182129
573.2750854492188,-42.47835159301758,14.30865478515625,363.80474853515625,0.7778387069702148
624.6141967773438,-74.70911407470703,17.934326171875,378.53460693359375,0.7668043971061707
