538.654541015625,172.7804412841797,24.59295654296875,58.11175537109375,0.9331254959106445
551.9647216796875,166.91136169433594,33.3807373046875,73.82943725585938,0.9246693849563599
470.5235290527344,179.943115234375,19.813629150390625,44.46240234375,0.88009113073349
105.99442291259766,184.7137451171875,18.41236114501953,35.85786437988281,0.867149829864502
470.6710510253906,120.06877899169922,8.298187255859375,404.8907470703125,0.8483739495277405
444.36114501953125,180.09133911132812,18.052215576171875,39.848358154296875,0.8438489437103271
582.3264770507812,99.56318664550781,7.9254150390625,416.20159912109375,0.8238682150840759
565.0853881835938,179.30111694335938,21.3948974609375,60.90936279296875,0.8153771758079529
522.859130859375,179.3435516357422,20.286865234375,46.4300537109375,0.812660276889801
455.8250732421875,182.93955993652344,19.74090576171875,43.63298034667969,0.8015832304954529
