421.35162353515625,183.08377075195312,17.19671630859375,36.49305725097656,0.8705381155014038
451.21881103515625,122.77120208740234,8.189910888671875,395.4879455566406,0.8169272541999817
412.1817626953125,186.57611083984375,15.50811767578125,33.479644775390625,0.814544141292572
633.9818725585938,120.55795288085938,10.18695068359375,251.34808349609375,0.8057286143302917
165.04537963867188,137.5613250732422,10.982589721679688,345.97271728515625,0.7946866154670715
143.80615234375,192.45578002929688,15.000946044921875,27.739501953125,0.794214129447937
597.7507934570312,98.773681640625,6.654052734375,421.3031005859375,0.7939334511756897
630.7254638671875,73.7703628540039,6.09588623046875,419.7745361328125,0.7750111818313599
572.453857421875,185.2888641357422,8.225341796875,412.63885498046875,0.7739804983139038
67.09010314941406,191.8411102294922,24.963882446289062,63.52598571777344,0.77232825756073
