115.25394439697266,185.69140625,15.340751647949219,35.99324035644531,0.9110790491104126
126.37763214111328,184.0903778076172,14.872962951660156,35.165374755859375,0.8390197157859802
199.12655639648438,146.49623107910156,9.556991577148438,339.91552734375,0.8297252655029297
603.8466796875,179.59030151367188,20.9542236328125,59.99725341796875,0.824573278427124
569.2252197265625,181.9814453125,22.66497802734375,49.7735595703125,0.8213028311729431
546.5938720703125,222.02804565429688,11.868408203125,363.9753112792969,0.8165637850761414
546.4976196289062,118.55259704589844,6.508544921875,422.67547607421875,0.8159149885177612
517.3130493164062,124.46741485595703,9.7213134765625,351.0974426269531,0.8141985535621643
628.9617309570312,169.22889709472656,9.9493408203125,73.45646667480469,0.7962678670883179
537.4515991210938,61.92734146118164,61.45013427734375,202.99737548828125,0.7839266657829285
