268.7158508300781,188.794677734375,15.363311767578125,29.231369018554688,0.8422960042953491
513.134521484375,115.5668716430664,8.265380859375,425.9836730957031,0.8045188784599304
220.6734619140625,137.9412078857422,9.68963623046875,355.71929931640625,0.8032207489013672
460.8038024902344,183.53518676757812,19.86212158203125,39.09599304199219,0.7902138233184814
418.99420166015625,184.64572143554688,17.026458740234375,32.411895751953125,0.7862527966499329
245.18621826171875,190.90969848632812,14.453399658203125,26.65142822265625,0.7810786366462708
407.32196044921875,188.33348083496094,15.22705078125,29.143051147460938,0.7792664170265198
575.109619140625,79.70854187011719,6.405029296875,430.3609619140625,0.7728027105331421
629.2395629882812,82.87347412109375,7.0892333984375,421.1578674316406,0.7727637887001038
589.644287109375,98.2275161743164,7.22637939453125,414.4026184082031,0.7720499634742737
