563.5692749023438,178.37338256835938,23.12847900390625,56.07386779785156,0.8974888324737549
533.4874877929688,176.11337280273438,22.721435546875,53.03071594238281,0.8848636150360107
589.71875,179.8973388671875,22.5357666015625,59.06439208984375,0.8389412760734558
522.350341796875,175.9037628173828,21.28802490234375,50.414276123046875,0.8313412070274353
558.707275390625,114.71974182128906,6.69891357421875,435.50909423828125,0.8265091776847839
65.34822845458984,179.64207458496094,24.783218383789062,67.16297912597656,0.8231395483016968
13.45059585571289,174.56492614746094,25.65240478515625,56.33631896972656,0.8207648992538452
17.39318084716797,177.11044311523438,24.46300506591797,42.60844421386719,0.8067151308059692
46.424896240234375,163.5623321533203,24.953773498535156,69.38870239257812,0.7964205145835876
51.612060546875,166.78128051757812,26.691123962402344,77.75921630859375,0.7952942848205566
