428.82275390625,129.98597717285156,10.709442138671875,395.94525146484375,0.8141666650772095
571.470703125,108.48346710205078,8.69720458984375,405.0130615234375,0.8107085227966309
187.15359497070312,138.73309326171875,10.255844116210938,351.33050537109375,0.8018068075180054
537.0219116210938,91.88026428222656,8.19769287109375,414.09539794921875,0.7685158252716064
630.5689697265625,95.17925262451172,8.01324462890625,434.75732421875,0.7639380097389221
50.35204315185547,187.2744598388672,25.714767456054688,43.24485778808594,0.7595140337944031
491.80859375,253.61972045898438,23.3719482421875,319.7566223144531,0.7546961903572083
378.0581359863281,187.9092559814453,17.28826904296875,28.122589111328125,0.7431151270866394
636.7598876953125,62.16844177246094,5.95556640625,444.7427978515625,0.7405673265457153
630.4699096679688,85.8211441040039,5.80767822265625,429.5199279785156,0.7366296052932739
