388.9794616699219,172.7801971435547,19.014434814453125,35.86927795410156,0.8471369743347168
358.585205078125,176.40963745117188,15.59600830078125,31.723175048828125,0.8443527221679688
625.084228515625,74.31820678710938,8.56561279296875,413.1971740722656,0.8380058407783508
385.763671875,176.42047119140625,18.58465576171875,34.67988586425781,0.8366987109184265
543.30419921875,117.49564361572266,6.5224609375,424.1159362792969,0.8335521817207336
125.29641723632812,139.8481903076172,11.5592041015625,327.02294921875,0.811367392539978
605.6566772460938,92.29243469238281,7.20245361328125,431.92767333984375,0.8113365173339844
100.0918960571289,144.27194213867188,18.08582305908203,262.8337097167969,0.8106075525283813
356.05596923828125,177.71279907226562,16.3323974609375,33.29753112792969,0.8052012920379639
631.08837890625,134.88233947753906,14.2188720703125,216.5275421142578,0.7984023690223694
