410.63165283203125,166.6537322998047,17.71099853515625,39.4925537109375,0.8478395342826843
614.1015014648438,87.55313873291016,5.1177978515625,435.6192321777344,0.8113223910331726
555.4041748046875,113.03321075439453,6.072509765625,427.72265625,0.8056605458259583
256.8540954589844,132.86000061035156,8.917755126953125,364.686767578125,0.7949892282485962
615.3027954101562,179.4202117919922,5.982666015625,437.2484130859375,0.7920670509338379
635.4082641601562,102.2688980102539,7.9876708984375,274.09490966796875,0.786230742931366
180.98939514160156,178.99659729003906,16.152267456054688,29.5823974609375,0.7818790078163147
636.994384765625,81.83073425292969,3.58355712890625,457.89495849609375,0.7701303362846375
637.3298950195312,46.9132080078125,4.79876708984375,433.5898132324219,0.7696524262428284
72.41351318359375,172.27737426757812,25.18024444580078,71.0404052734375,0.7670326232910156
