567.6322631835938,176.27210998535156,26.46282958984375,62.80104064941406,0.9465773105621338
584.080322265625,174.1883087158203,26.8333740234375,66.7540283203125,0.912564218044281
540.0344848632812,178.6667938232422,26.3067626953125,57.325225830078125,0.8924885392189026
525.4607543945312,182.7344970703125,21.829345703125,50.21730041503906,0.8860089778900146
589.4599609375,169.71681213378906,26.49542236328125,71.73544311523438,0.8798068165779114
493.3239440917969,184.38851928710938,22.514007568359375,44.22859191894531,0.8579422235488892
626.8109741210938,162.50938415527344,11.9739990234375,91.13713073730469,0.8576292395591736
75.9047622680664,193.14207458496094,22.71947479248047,42.53150939941406,0.8203993439674377
85.4786376953125,192.84495544433594,21.711639404296875,41.00334167480469,0.8099241256713867
518.9754028320312,181.69606018066406,24.68170166015625,57.999420166015625,0.7989659309387207
