570.4315185546875,177.80104064941406,25.8458251953125,63.388885498046875,0.9578458666801453
584.3909912109375,177.2083740234375,26.74468994140625,65.64323425292969,0.921610951423645
589.728271484375,174.39266967773438,25.94317626953125,68.52249145507812,0.8807836174964905
519.9876098632812,183.99781799316406,22.43292236328125,50.231781005859375,0.8659383654594421
539.9698486328125,179.13258361816406,25.63427734375,57.196563720703125,0.861280083656311
628.4478759765625,163.0933074951172,10.84661865234375,92.14158630371094,0.848560094833374
488.3944396972656,184.94325256347656,22.978118896484375,44.61695861816406,0.8276531100273132
92.07382202148438,198.06336975097656,20.244674682617188,37.954132080078125,0.8256623148918152
80.96345520019531,198.63772583007812,21.542022705078125,40.448333740234375,0.807694673538208
491.6820068359375,117.82473754882812,7.482147216796875,405.2020568847656,0.7961041927337646
