589.1334228515625,176.42471313476562,26.50445556640625,68.38887023925781,0.922003984451294
593.4552612304688,171.87623596191406,27.05328369140625,74.07234191894531,0.8979759216308594
539.4282836914062,182.65074157714844,28.03607177734375,58.22096252441406,0.8788236975669861
627.40625,166.37078857421875,11.9752197265625,91.19720458984375,0.8688942193984985
88.9365234375,195.93699645996094,20.376358032226562,39.16815185546875,0.8468350172042847
78.3250503540039,197.8146209716797,21.192649841308594,40.293304443359375,0.8344894051551819
513.014404296875,187.9754180908203,24.479248046875,49.36778259277344,0.8332144618034363
95.29563903808594,196.0613555908203,20.169029235839844,37.847869873046875,0.8074890375137329
493.2647705078125,116.37879943847656,7.66351318359375,410.77239990234375,0.8003173470497131
572.989501953125,106.65877532958984,8.28302001953125,397.50433349609375,0.7932983636856079
