565.8502807617188,183.48605346679688,26.41534423828125,59.493072509765625,0.9205794334411621
596.4954833984375,169.4264373779297,25.92816162109375,75.27470397949219,0.899716854095459
542.9324951171875,184.36158752441406,26.342041015625,55.66871643066406,0.8968442678451538
515.5880126953125,188.40980529785156,24.3402099609375,49.64237976074219,0.8703793883323669
629.8218994140625,156.53912353515625,10.16796875,100.88552856445312,0.8436168432235718
76.504638671875,199.02919006347656,22.338088989257812,39.94720458984375,0.8401076793670654
87.24090576171875,198.3873291015625,21.390037536621094,38.226593017578125,0.8352007865905762
488.0634765625,188.1707000732422,24.99365234375,45.96199035644531,0.8226274251937866
464.1131591796875,119.07062530517578,8.02117919921875,399.45855712890625,0.8018366098403931
578.44677734375,170.4161376953125,7.1270751953125,423.437744140625,0.799262285232544
