570.9393310546875,180.07998657226562,26.61871337890625,61.95594787597656,0.9358692765235901
542.1678466796875,182.48431396484375,26.19146728515625,55.22846984863281,0.8859266042709351
592.3785400390625,174.26365661621094,26.53656005859375,70.66587829589844,0.8837200403213501
515.2438354492188,186.7014617919922,23.38714599609375,48.37165832519531,0.8806477189064026
490.65863037109375,187.0456085205078,23.81829833984375,44.45159912109375,0.8664553165435791
90.81986999511719,205.86231994628906,20.239303588867188,36.37351989746094,0.8462337851524353
78.52890014648438,205.16107177734375,21.23590087890625,38.41900634765625,0.8424267768859863
628.7334594726562,162.28594970703125,10.9208984375,95.04180908203125,0.8333116769790649
98.13023376464844,207.32394409179688,18.81964111328125,32.455413818359375,0.8107069134712219
468.5924072265625,119.32625579833984,7.958831787109375,400.9938049316406,0.7988384962081909
