564.9803466796875,183.83949279785156,25.9410400390625,58.4224853515625,0.9098531603813171
593.6206665039062,178.9241180419922,24.78118896484375,66.70036315917969,0.8798556327819824
91.4906997680664,197.5654296875,21.027488708496094,40.020172119140625,0.8681727647781372
544.1572875976562,185.59344482421875,26.757080078125,52.12290954589844,0.8573393821716309
466.72088623046875,193.58421325683594,22.13140869140625,38.95802307128906,0.8559749722480774
628.6905517578125,169.19760131835938,10.5850830078125,87.84701538085938,0.8405397534370422
509.6900634765625,189.94174194335938,24.14190673828125,46.87516784667969,0.8386031985282898
78.6386947631836,198.46389770507812,22.429733276367188,41.92236328125,0.8359913229942322
94.9654769897461,198.64163208007812,20.76502227783203,37.85919189453125,0.8351104855537415
482.36444091796875,189.9431915283203,23.267120361328125,44.031280517578125,0.8330384492874146
