568.1641845703125,184.16497802734375,25.5062255859375,56.16925048828125,0.9133379459381104
594.6747436523438,174.96218872070312,25.22052001953125,67.94326782226562,0.8689922094345093
96.43742370605469,199.85035705566406,19.846572875976562,37.102813720703125,0.8636903166770935
79.35626220703125,199.77322387695312,21.38347625732422,40.98394775390625,0.8587504029273987
537.9915771484375,187.4846954345703,26.014892578125,48.701416015625,0.842683732509613
629.8333129882812,160.98570251464844,9.8896484375,95.54704284667969,0.8307968974113464
511.0843200683594,191.70309448242188,23.514617919921875,44.6976318359375,0.8187351226806641
52.915870666503906,196.94398498535156,27.142799377441406,48.09150695800781,0.8073372840881348
36.43928909301758,191.9987030029297,30.173694610595703,54.40887451171875,0.8002675771713257
438.4958190917969,120.30184936523438,8.512115478515625,394.3738708496094,0.7998150587081909
