593.7757568359375,178.14309692382812,24.291259765625,62.9549560546875,0.9056209325790405
566.4893188476562,183.13760375976562,25.7977294921875,54.740570068359375,0.8970156908035278
514.6325073242188,187.3708038330078,23.39776611328125,46.5435791015625,0.8744872212409973
488.2519836425781,187.2416534423828,24.101654052734375,43.47587585449219,0.8643184304237366
529.50634765625,185.4867401123047,26.1690673828125,48.022216796875,0.8642520308494568
596.8999633789062,173.2421875,24.403076171875,65.922119140625,0.8614493608474731
630.2236328125,160.2222900390625,9.73333740234375,92.21340942382812,0.8300714492797852
76.9228744506836,195.42750549316406,24.33698272705078,40.4429931640625,0.8203348517417908
470.5076904296875,118.66754913330078,7.71636962890625,398.57537841796875,0.8028973937034607
467.8628845214844,190.85470581054688,23.425750732421875,38.89598083496094,0.7985062003135681
