565.2542724609375,180.7853546142578,27.8411865234375,65.37757873535156,0.9328969120979309
587.5400390625,175.70005798339844,28.10089111328125,68.07066345214844,0.9240680932998657
541.8045654296875,181.2058868408203,28.668212890625,60.87245178222656,0.896967887878418
627.3897705078125,163.94712829589844,11.9388427734375,95.48194885253906,0.8428122997283936
513.9275512695312,186.6615753173828,25.32647705078125,51.1934814453125,0.841292142868042
75.08793640136719,196.60638427734375,24.32067108154297,42.89759826660156,0.819786012172699
87.5960464477539,195.8107452392578,22.853713989257812,41.4302978515625,0.8160728812217712
587.071533203125,168.24581909179688,6.7449951171875,427.8978576660156,0.8009361028671265
469.2266845703125,116.76687622070312,8.16644287109375,405.8567199707031,0.800210177898407
564.8928833007812,107.65965270996094,9.14239501953125,396.10931396484375,0.7944263815879822
