565.2431640625,178.98892211914062,28.3199462890625,65.31182861328125,0.934576153755188
543.1787719726562,181.19100952148438,27.98583984375,60.14537048339844,0.9001840353012085
592.6259765625,171.9723663330078,26.77557373046875,72.92999267578125,0.8851673603057861
512.9791870117188,187.5892333984375,25.0367431640625,51.13014221191406,0.8662803769111633
488.01348876953125,188.12255859375,24.95355224609375,46.413604736328125,0.8409635424613953
90.35193634033203,196.25204467773438,21.525436401367188,40.254364013671875,0.8406025171279907
629.0513305664062,159.8943634033203,10.68463134765625,98.53251647949219,0.8372434973716736
77.58368682861328,197.32919311523438,22.769927978515625,41.695831298828125,0.8360714316368103
95.64913940429688,196.12008666992188,21.573829650878906,38.9400634765625,0.8160557746887207
484.9586486816406,117.952880859375,7.677703857421875,405.380615234375,0.8013113737106323
