564.8048706054688,178.36245727539062,27.95538330078125,65.76296997070312,0.9381527304649353
591.2117309570312,173.09022521972656,27.6912841796875,72.92970275878906,0.9135758876800537
546.1929931640625,179.5601043701172,27.2889404296875,60.92112731933594,0.8938670754432678
514.0370483398438,185.73646545410156,24.46533203125,51.08038330078125,0.8531092405319214
627.832763671875,163.1648712158203,11.63739013671875,94.50123596191406,0.8504988551139832
88.10099792480469,196.23077392578125,21.283493041992188,39.24156188964844,0.8396300673484802
76.50475311279297,196.91848754882812,22.63037109375,41.167694091796875,0.8345503211021423
487.6891784667969,186.51336669921875,24.147857666015625,45.25347900390625,0.819929838180542
489.561767578125,117.27205657958984,7.631072998046875,407.7239074707031,0.8004940748214722
586.7608642578125,169.4159698486328,6.74530029296875,426.88909912109375,0.7968403100967407
