589.9006958007812,171.57769775390625,27.50604248046875,76.01443481445312,0.9221906065940857
565.5247802734375,180.4292449951172,26.87835693359375,64.09901428222656,0.9207409024238586
508.2279968261719,187.4538116455078,24.705963134765625,49.71824645996094,0.8541539907455444
627.9267578125,162.85829162597656,11.3544921875,96.31819152832031,0.8529608249664307
489.6432189941406,186.77610778808594,24.728973388671875,45.649078369140625,0.8371657729148865
74.3152084350586,195.39047241210938,24.03972625732422,41.90199279785156,0.8359935283660889
84.96173095703125,194.74282836914062,23.294754028320312,40.86012268066406,0.8245560526847839
589.085693359375,167.28126525878906,6.65106201171875,429.76953125,0.8040011525154114
467.51483154296875,115.79918670654297,8.067169189453125,404.64752197265625,0.8009431958198547
570.20263671875,105.82340240478516,8.658203125,399.14453125,0.796294093132019
