508.4466857910156,189.7158203125,22.502655029296875,43.16133117675781,0.9257723093032837
480.43377685546875,192.28128051757812,20.352386474609375,34.86419677734375,0.9119497537612915
515.6994018554688,188.64691162109375,23.0728759765625,46.68437194824219,0.8788662552833557
500.7501525878906,193.2459716796875,23.172393798828125,46.641815185546875,0.8344886898994446
520.364990234375,187.16419982910156,25.30145263671875,48.75035095214844,0.828063428401947
475.33721923828125,192.73362731933594,21.76544189453125,35.28324890136719,0.8159580826759338
60.03966522216797,186.0432586669922,30.692543029785156,56.636627197265625,0.8141096830368042
448.5706787109375,119.83428955078125,7.94830322265625,390.704833984375,0.813686192035675
80.61941528320312,189.43942260742188,27.20647430419922,48.23045349121094,0.808742105960846
631.2125244140625,74.33960723876953,5.27667236328125,411.9231872558594,0.8070513606071472
