464.5497131347656,124.04142761230469,9.326934814453125,407.27996826171875,0.8198227286338806
88.3289794921875,150.82957458496094,13.759536743164062,325.4503173828125,0.7763264179229736
577.0488891601562,185.35055541992188,7.96099853515625,412.8113708496094,0.766982913017273
134.9343719482422,131.14501953125,16.383056640625,305.9013671875,0.762715756893158
226.203125,203.07667541503906,21.711944580078125,55.98731994628906,0.7626804709434509
637.3289794921875,90.67623138427734,3.667724609375,453.1783142089844,0.7613006830215454
634.8694458007812,65.23770141601562,4.8602294921875,452.2420349121094,0.7589619755744934
630.063232421875,84.65077209472656,6.77020263671875,424.04071044921875,0.7587621212005615
638.0133056640625,115.87599182128906,3.71942138671875,459.7265625,0.7416565418243408
543.67236328125,91.90972137451172,8.43524169921875,418.46002197265625,0.7406666278839111
