520.9099731445312,118.5515365600586,7.010498046875,417.3664245605469,0.8200116753578186
535.0789794921875,200.38543701171875,18.310791015625,33.942657470703125,0.818343460559845
633.531494140625,70.6180419921875,4.88226318359375,433.6413269042969,0.7978665828704834
140.15521240234375,139.8662567138672,11.230865478515625,345.70050048828125,0.7858551740646362
596.3803100585938,180.2725067138672,7.17364501953125,433.98602294921875,0.7822988629341125
608.9569091796875,100.34983825683594,5.9488525390625,429.338134765625,0.7759379744529724
637.3487548828125,87.42520904541016,3.34637451171875,457.6955871582031,0.7509135007858276
160.88356018066406,125.63938903808594,13.234786987304688,322.0845947265625,0.7487307786941528
562.9064331054688,200.80819702148438,21.10858154296875,40.449615478515625,0.7473576068878174
629.9656982421875,-61.03693389892578,19.6993408203125,388.8182678222656,0.7462791800498962
