403.3782653808594,127.89765167236328,9.81207275390625,384.93646240234375,0.8100796341896057
113.55213165283203,139.76315307617188,12.080001831054688,338.8716735839844,0.8039869070053101
624.5657958984375,187.6501007080078,20.888671875,176.3054962158203,0.799248218536377
633.2494506835938,65.8805923461914,5.25018310546875,440.0034484863281,0.7896523475646973
600.2543334960938,99.50663757324219,7.6636962890625,427.46136474609375,0.780432939529419
548.8652954101562,197.07064819335938,9.303955078125,393.5432434082031,0.7759407162666321
133.18850708007812,133.33905029296875,14.867538452148438,297.73492431640625,0.7661151885986328
501.9157409667969,99.123291015625,9.298248291015625,394.7181701660156,0.760319173336029
635.9522705078125,66.93768310546875,7.298095703125,410.48211669921875,0.7524502277374268
95.476318359375,187.578125,22.850799560546875,57.40400695800781,0.7331482768058777
