473.13671875,181.1592254638672,20.036529541015625,46.48429870605469,0.8711459636688232
505.11199951171875,117.22840118408203,7.659912109375,413.0357666015625,0.8184100389480591
183.04505920410156,136.18295288085938,10.310028076171875,348.554443359375,0.7978652715682983
28.892972946166992,178.4111328125,21.920644760131836,45.31004333496094,0.795848548412323
66.73076629638672,179.12545776367188,21.24561309814453,55.079498291015625,0.7806440591812134
633.8170776367188,70.64144897460938,4.62469482421875,448.4349060058594,0.7796164155006409
46.75116729736328,169.63143920898438,23.06507110595703,64.30526733398438,0.7777469754219055
588.6973876953125,103.8048095703125,7.267333984375,404.6281433105469,0.7755831480026245
31.223350524902344,172.9432373046875,24.738788604736328,73.5836181640625,0.775353729724884
631.9398193359375,65.61280059814453,6.30712890625,433.43206787109375,0.7733736634254456
