548.3411254882812,96.32421875,9.22698974609375,392.7225036621094,0.8515744805335999
466.13330078125,111.9017333984375,8.389434814453125,410.3887939453125,0.8279586434364319
180.4534149169922,127.83421325683594,10.635833740234375,359.217041015625,0.8003347516059875
33.86493682861328,164.5922088623047,24.928112030029297,58.005950927734375,0.7886075973510742
541.8841552734375,191.4959716796875,10.1322021484375,398.24005126953125,0.783644437789917
617.126953125,-7.149925231933594,44.91796875,313.68377685546875,0.7818862199783325
626.4745483398438,132.5040283203125,14.98675537109375,219.08175659179688,0.7810797691345215
103.22430419921875,106.64955139160156,17.59063720703125,316.51214599609375,0.7800039052963257
40.39016342163086,166.16433715820312,23.21735382080078,55.72528076171875,0.7754295468330383
118.75169372558594,180.8289031982422,18.112838745117188,35.95271301269531,0.7740839719772339
