379.91680908203125,180.35696411132812,14.012969970703125,30.019607543945312,0.9688758850097656
152.28395080566406,140.5167236328125,13.34051513671875,336.96197509765625,0.8585357069969177
501.1851806640625,174.9905548095703,23.0560302734375,46.95335388183594,0.8571342825889587
134.41116333007812,165.41845703125,22.3883056640625,132.32882690429688,0.8473058342933655
461.2757568359375,122.97949981689453,15.32843017578125,344.0384216308594,0.8316687941551208
122.33753967285156,125.92559051513672,20.01171875,299.01190185546875,0.8292967677116394
520.8405151367188,116.09378814697266,7.20037841796875,418.8241271972656,0.8264085054397583
394.9037170410156,111.31605529785156,11.489776611328125,350.4881591796875,0.8220768570899963
530.9852905273438,14.840998649597168,29.51171875,282.615478515625,0.8024469017982483
616.1844482421875,88.88401794433594,9.28680419921875,372.52947998046875,0.7974231243133545
