588.7474365234375,171.4387969970703,16.6234130859375,40.49650573730469,0.8831798434257507
533.6142578125,175.61920166015625,18.53204345703125,39.49090576171875,0.8402969241142273
427.3576354980469,127.22611236572266,16.510101318359375,325.7221374511719,0.815302312374115
329.32110595703125,127.40991973876953,10.1370849609375,388.34466552734375,0.813977837562561
570.1806640625,116.01815795898438,5.98663330078125,431.0846252441406,0.8081670999526978
157.06683349609375,130.86407470703125,19.457794189453125,303.9182434082031,0.8037223815917969
618.8831787109375,89.6357192993164,8.2530517578125,370.2720031738281,0.7968472838401794
512.623046875,180.1916961669922,16.9053955078125,36.87953186035156,0.7959006428718567
621.0321655273438,82.49957275390625,15.78057861328125,318.28863525390625,0.7832377552986145
498.3061218261719,96.56475830078125,8.957977294921875,383.30377197265625,0.7791715860366821
