632.3204345703125,60.086647033691406,5.551025390625,434.8656921386719,0.8389551043510437
459.7589416503906,164.4203643798828,20.844970703125,52.10585021972656,0.8304250836372375
553.640625,106.45181274414062,6.5234375,436.1446228027344,0.8238779306411743
627.4334106445312,56.76439666748047,12.2921142578125,362.0154724121094,0.8183913826942444
103.51937103271484,107.1962890625,14.947586059570312,313.332763671875,0.8123592734336853
630.25,157.44839477539062,9.3560791015625,57.860565185546875,0.8108605742454529
594.6527099609375,184.9111785888672,7.2803955078125,419.975830078125,0.8079268336296082
636.6103515625,76.36717224121094,3.87860107421875,456.9271240234375,0.7982965111732483
190.31045532226562,169.45556640625,17.892074584960938,38.37831115722656,0.7958155870437622
617.5632934570312,81.56045532226562,5.50347900390625,443.5074157714844,0.7940366268157959
