484.58868408203125,162.12315368652344,18.1053466796875,50.933624267578125,0.9779222011566162
459.8243408203125,166.32183837890625,20.48651123046875,50.63726806640625,0.8770933151245117
573.5029907226562,105.44607543945312,5.0577392578125,434.6941223144531,0.8354402780532837
578.4662475585938,175.80831909179688,7.65948486328125,417.8266296386719,0.8297868967056274
632.1837768554688,64.70997619628906,4.7723388671875,416.32159423828125,0.825178325176239
595.6024780273438,90.12615966796875,6.27264404296875,419.9585266113281,0.8186461329460144
631.9151611328125,-45.0224609375,15.5635986328125,374.31591796875,0.8094390034675598
175.1398468017578,107.25065612792969,11.996231079101562,325.7281494140625,0.7940040230751038
220.16848754882812,132.07398986816406,9.57379150390625,359.67755126953125,0.7932665944099426
635.2706298828125,64.10990142822266,3.73028564453125,453.4789123535156,0.7810994386672974
