462.82025146484375,186.7199249267578,19.01129150390625,48.030914306640625,0.8630113005638123
546.7720947265625,107.00502014160156,6.060791015625,430.0311279296875,0.8389034867286682
630.21630859375,73.53272247314453,6.03460693359375,419.49798583984375,0.8367811441421509
558.49755859375,185.80340576171875,9.802978515625,410.25677490234375,0.8236686587333679
193.23812866210938,129.5687255859375,10.260543823242188,364.32232666015625,0.8088561296463013
569.1805419921875,159.5859375,22.0341796875,134.46621704101562,0.804729163646698
590.401123046875,97.59519958496094,7.1990966796875,420.0684814453125,0.7970095276832581
633.2620239257812,75.93419647216797,4.69476318359375,444.32208251953125,0.7829524874687195
567.96044921875,87.7850112915039,6.7332763671875,424.9952697753906,0.7828972935676575
497.01129150390625,183.6018829345703,21.3204345703125,49.94293212890625,0.7776792049407959
