598.2610473632812,186.25648498535156,23.59051513671875,53.68727111816406,0.9866395592689514
595.4298706054688,184.78883361816406,21.9696044921875,50.55021667480469,0.8639200329780579
462.3945617675781,189.28953552246094,18.953704833984375,48.398956298828125,0.8001248836517334
584.8615112304688,186.10108947753906,8.51300048828125,417.355224609375,0.7973292469978333
593.0689086914062,190.2388916015625,20.58428955078125,47.33891296386719,0.7943954467773438
630.37451171875,115.76104736328125,11.26458740234375,381.1044006347656,0.7889049649238586
620.2479248046875,-17.027050018310547,38.0640869140625,342.7456359863281,0.7865797281265259
457.7044982910156,113.94600677490234,9.771881103515625,410.6513366699219,0.7863494753837585
636.5966186523438,86.74993896484375,3.811767578125,452.44415283203125,0.7770927548408508
630.2493896484375,-123.10661315917969,12.796875,416.34112548828125,0.7742059230804443
