593.3014526367188,182.86024475097656,20.030029296875,56.7869873046875,0.9906288981437683
461.3387756347656,190.02403259277344,18.499359130859375,48.03062438964844,0.8358950614929199
621.4732055664062,185.11087036132812,14.8431396484375,63.476806640625,0.8313872814178467
532.8101806640625,108.91067504882812,6.73828125,427.2249450683594,0.8169739842414856
570.8973388671875,104.82091522216797,7.73699951171875,402.4714660644531,0.7940903902053833
539.4683227539062,87.15731811523438,7.82684326171875,418.5233459472656,0.7828337550163269
202.45135498046875,114.86585235595703,11.93780517578125,338.24322509765625,0.7827401161193848
551.0430297851562,202.07176208496094,10.146484375,387.72119140625,0.7783946394920349
636.5473022460938,85.74119567871094,3.91510009765625,454.0821533203125,0.7768241763114929
624.128662109375,-104.08486938476562,21.37518310546875,390.4615783691406,0.7652570605278015
