600.8226928710938,185.74876403808594,22.95367431640625,54.40742492675781,0.9876946210861206
597.0895385742188,185.694091796875,21.09625244140625,50.0390625,0.8709247708320618
461.95367431640625,188.8408966064453,19.592803955078125,48.73735046386719,0.8228266835212708
595.14404296875,190.55426025390625,20.35986328125,47.704315185546875,0.8000295162200928
580.4195556640625,186.43780517578125,8.8380126953125,415.8447265625,0.797081470489502
633.1690063476562,111.08665466308594,9.10443115234375,403.15191650390625,0.7854921221733093
460.58551025390625,113.79859161376953,10.121856689453125,414.5023193359375,0.7826381921768188
631.3116455078125,-126.64027404785156,11.3292236328125,422.49591064453125,0.7796784043312073
628.8715209960938,77.61809539794922,6.93084716796875,418.48968505859375,0.773708701133728
619.2874145507812,-51.53154373168945,26.53228759765625,367.18658447265625,0.7639956474304199
