601.5712890625,184.87303161621094,23.31884765625,54.82379150390625,0.9874747395515442
597.6499633789062,185.28201293945312,21.54034423828125,50.48515319824219,0.8687406778335571
631.6126098632812,71.92616271972656,5.44482421875,422.215576171875,0.8163278698921204
594.4733276367188,189.77560424804688,20.8436279296875,47.8441162109375,0.8079591393470764
581.8135986328125,179.96485900878906,8.02923583984375,420.30511474609375,0.8055902719497681
436.4462890625,114.9997329711914,9.8983154296875,406.7189025878906,0.7965884208679199
635.302001953125,107.66944885253906,7.24737548828125,428.361328125,0.7942876219749451
630.9461669921875,-125.05109405517578,12.39239501953125,421.15106201171875,0.7889862656593323
636.7432250976562,86.24476623535156,3.67303466796875,452.66748046875,0.7804356217384338
461.46636962890625,190.99273681640625,19.19793701171875,48.065673828125,0.7703947424888611
