552.4271240234375,162.9427032470703,29.17877197265625,79.57185363769531,0.9879828691482544
584.996337890625,155.99716186523438,39.3243408203125,88.27554321289062,0.9801830053329468
551.5687866210938,166.44613647460938,24.1949462890625,70.65242004394531,0.9323519468307495
548.6481323242188,173.3657989501953,20.7132568359375,63.73626708984375,0.909951388835907
490.1755065917969,182.57528686523438,20.7012939453125,44.785858154296875,0.8674280047416687
579.3978271484375,161.358154296875,33.71905517578125,78.63575744628906,0.8506179451942444
619.1838989257812,159.33224487304688,19.2486572265625,92.30351257324219,0.8274443745613098
631.0756225585938,76.34690856933594,5.2203369140625,409.4989013671875,0.8262428045272827
565.9209594726562,163.85992431640625,29.61419677734375,70.96559143066406,0.8074718117713928
548.412841796875,62.89793014526367,8.92315673828125,404.6498107910156,0.8026794791221619
