489.34796142578125,173.7416534423828,19.828643798828125,47.94158935546875,0.9947789907455444
583.7277221679688,115.50006866455078,5.19781494140625,438.46826171875,0.8227347731590271
155.06289672851562,182.8378143310547,22.7418212890625,44.06333923339844,0.7903076410293579
213.8854217529297,117.28860473632812,11.486434936523438,333.2833557128906,0.7830844521522522
260.6490478515625,139.29110717773438,8.453094482421875,363.4394836425781,0.7786299586296082
632.7857055664062,68.92529296875,5.330078125,431.75830078125,0.7738850116729736
605.2970581054688,115.83321380615234,15.509765625,237.45626831054688,0.768988847732544
590.771240234375,-18.524179458618164,21.61669921875,303.398193359375,0.766167402267456
615.6250610351562,94.65802001953125,5.03460693359375,432.0599365234375,0.7620320320129395
188.70309448242188,165.92184448242188,24.161224365234375,71.18795776367188,0.7595210671424866
