550.094970703125,181.20423889160156,21.2562255859375,43.652252197265625,0.9812557101249695
506.04876708984375,174.38818359375,20.01800537109375,45.32203674316406,0.8719936013221741
586.7033081054688,110.15872192382812,5.2017822265625,445.3571472167969,0.8288432359695435
512.0252075195312,177.41787719726562,19.54791259765625,44.48310852050781,0.8189058899879456
627.9924926757812,-52.13956832885742,23.54083251953125,387.206298828125,0.8093433976173401
192.4662628173828,107.27192687988281,12.259902954101562,340.612548828125,0.7864699959754944
633.6756591796875,68.82074737548828,4.86505126953125,439.2694091796875,0.7742752432823181
587.7416381835938,180.53541564941406,19.52349853515625,48.72367858886719,0.7654092311859131
50.31889343261719,160.80813598632812,24.674522399902344,86.47543334960938,0.7611737251281738
636.7211303710938,72.88604736328125,4.655517578125,449.1500244140625,0.7598453760147095
