145.4301300048828,182.70445251464844,13.578140258789062,28.974868774414062,0.9054915904998779
616.0503540039062,83.18085479736328,5.57568359375,439.41473388671875,0.8045397996902466
495.1228332519531,115.80626678466797,7.93182373046875,410.6220703125,0.7994055151939392
222.43350219726562,128.5216827392578,9.62249755859375,361.21990966796875,0.7846119999885559
45.96928405761719,174.9171600341797,24.846817016601562,49.90110778808594,0.7819252014160156
590.0238647460938,190.78326416015625,8.150634765625,408.78570556640625,0.7809979319572449
387.54998779296875,178.89669799804688,19.35528564453125,36.54182434082031,0.7759260535240173
557.7481689453125,79.95161437988281,6.65594482421875,418.5125732421875,0.7741448879241943
633.3711547851562,73.84602355957031,5.02783203125,445.24951171875,0.7735525965690613
77.5,175.80966186523438,27.167739868164062,77.75393676757812,0.7733956575393677
