617.1767578125,174.45062255859375,19.2357177734375,69.6448974609375,0.9352650046348572
611.8162841796875,179.23678588867188,17.67034912109375,61.28300476074219,0.8304716348648071
538.8974609375,171.80812072753906,22.07373046875,56.1002197265625,0.8231533765792847
625.9078369140625,173.96737670898438,12.8939208984375,78.93547058105469,0.8175089955329895
438.19305419921875,118.02713775634766,10.8441162109375,414.1037902832031,0.7982222437858582
525.5448608398438,111.34466552734375,13.3050537109375,394.4620361328125,0.7947872877120972
633.0091552734375,75.90586853027344,5.764404296875,437.52618408203125,0.7824878692626953
220.95050048828125,129.84596252441406,11.20513916015625,378.68121337890625,0.7681958675384521
565.48583984375,179.61282348632812,24.5601806640625,55.536590576171875,0.7645689845085144
632.9904174804688,86.56332397460938,8.17138671875,424.61358642578125,0.7533482909202576
