537.3336791992188,163.9325408935547,23.93853759765625,74.71200561523438,0.99349045753479
604.3870849609375,162.21678161621094,25.36065673828125,70.65525817871094,0.9441965222358704
582.482666015625,166.67039489746094,24.35943603515625,68.34809875488281,0.8671755790710449
480.1087646484375,172.52230834960938,18.974609375,49.22798156738281,0.8663595914840698
358.391845703125,175.0935516357422,19.18731689453125,38.57987976074219,0.8597700595855713
549.3868408203125,112.19720458984375,6.3790283203125,429.958984375,0.8355293869972229
503.300537109375,173.3516387939453,28.0970458984375,68.84785461425781,0.8177951574325562
367.47967529296875,175.4830322265625,21.87286376953125,42.29052734375,0.8046496510505676
483.31671142578125,173.5101318359375,19.982696533203125,50.25398254394531,0.803266167640686
421.54644775390625,176.3251953125,17.56903076171875,35.345428466796875,0.8020788431167603
