564.4595336914062,175.72824096679688,22.38970947265625,55.430450439453125,0.9661222696304321
454.0895080566406,173.6481170654297,18.652557373046875,40.76954650878906,0.8534713983535767
508.62957763671875,172.39761352539062,19.46356201171875,43.95831298828125,0.8143408894538879
439.66473388671875,174.95175170898438,18.324432373046875,36.14985656738281,0.8076226115226746
576.9103393554688,119.15632629394531,5.50799560546875,434.20257568359375,0.8070857524871826
517.658447265625,175.4193115234375,19.7459716796875,44.140380859375,0.7980815172195435
357.1910095214844,174.09945678710938,17.992950439453125,35.51568603515625,0.789155900478363
345.0552978515625,173.07083129882812,17.90826416015625,36.894317626953125,0.7879431247711182
189.84921264648438,112.0731201171875,12.618865966796875,333.59814453125,0.7868843078613281
449.1331481933594,175.38426208496094,20.7513427734375,43.48646545410156,0.7785434722900391
