116.42845916748047,181.3257598876953,16.00792694091797,32.23565673828125,0.9957348704338074
594.234619140625,92.99250030517578,6.39129638671875,417.5583190917969,0.8210631012916565
205.09625244140625,136.38845825195312,9.72509765625,352.3008117675781,0.8098049163818359
592.6237182617188,184.90032958984375,7.55963134765625,422.96588134765625,0.8087263703346252
516.5458374023438,121.18719482421875,7.88482666015625,418.30792236328125,0.7950941920280457
632.541748046875,-76.16622161865234,14.58160400390625,408.4031982421875,0.7843270301818848
616.9573974609375,88.53914642333984,9.11932373046875,368.4557189941406,0.774238646030426
636.0228271484375,87.77206420898438,4.62261962890625,455.6584777832031,0.7640788555145264
111.884521484375,124.48469543457031,19.54449462890625,309.47314453125,0.758271336555481
527.1956176757812,61.36083221435547,54.18115234375,205.03729248046875,0.7508334517478943
