411.49420166015625,173.47454833984375,13.2265625,28.859481811523438,0.9577873349189758
103.86415100097656,179.84286499023438,15.704025268554688,31.353622436523438,0.8298108577728271
397.02691650390625,173.7836151123047,12.5628662109375,26.721527099609375,0.8117625713348389
601.2859497070312,94.31066131591797,7.108642578125,414.4455261230469,0.8110092878341675
620.5584716796875,83.01698303222656,8.0830078125,377.9896240234375,0.8056747317314148
231.50299072265625,148.24057006835938,8.785934448242188,346.98345947265625,0.7994837760925293
62.797523498535156,183.04226684570312,15.567008972167969,29.698333740234375,0.7939973473548889
67.89743041992188,183.82083129882812,15.019805908203125,29.377883911132812,0.7818185091018677
548.6574096679688,121.08295440673828,6.68780517578125,419.2469482421875,0.7797122001647949
77.34187316894531,182.7139129638672,15.139801025390625,30.10980224609375,0.7663522362709045
