432.34051513671875,176.87876892089844,14.32135009765625,35.33995056152344,0.9774231314659119
488.4154968261719,144.96897888183594,29.567413330078125,73.14926147460938,0.9761809706687927
535.104736328125,113.7959976196289,6.13092041015625,416.1888122558594,0.8430749773979187
613.1749877929688,89.5201644897461,5.70465087890625,435.9883728027344,0.8138670921325684
248.9114227294922,111.86328125,10.880874633789062,339.0689392089844,0.8096625804901123
508.92694091796875,158.22567749023438,24.37738037109375,60.096710205078125,0.8074575662612915
415.7431640625,180.1776580810547,12.335601806640625,31.054916381835938,0.8040456771850586
634.49755859375,81.90655517578125,5.92364501953125,416.2578430175781,0.8009015917778015
627.078369140625,74.1347427368164,7.0157470703125,405.999267578125,0.800588071346283
231.96319580078125,134.90582275390625,9.268157958984375,358.5410461425781,0.7991617321968079
