480.08551025390625,183.43394470214844,14.903961181640625,31.3751220703125,0.8930174112319946
432.21539306640625,179.25100708007812,16.427001953125,34.3182373046875,0.8895485401153564
229.18130493164062,183.05250549316406,16.771621704101562,27.851913452148438,0.8438851237297058
68.38213348388672,141.1129913330078,16.049766540527344,309.03125,0.8386846780776978
613.6064453125,96.38228607177734,9.37835693359375,366.5901794433594,0.8302986025810242
495.8471984863281,115.67144775390625,12.20947265625,361.0084533691406,0.8257204294204712
417.1249694824219,183.0583038330078,15.280303955078125,32.302581787109375,0.8212335109710693
39.77767562866211,156.79278564453125,27.129077911376953,217.99490356445312,0.8076732158660889
626.4550170898438,-17.821168899536133,25.82623291015625,330.5941467285156,0.8021288514137268
469.08184814453125,185.4000701904297,15.9366455078125,32.59852600097656,0.7928059101104736
