238.46617126464844,182.97430419921875,14.65411376953125,26.418289184570312,0.809323787689209
137.49578857421875,142.35426330566406,12.919967651367188,335.30279541015625,0.80922931432724
461.6631774902344,119.62113189697266,9.040069580078125,410.1853332519531,0.808769166469574
523.2327270507812,117.88748931884766,10.61700439453125,371.2221374511719,0.8050652146339417
569.05810546875,175.6610107421875,22.06341552734375,42.66340637207031,0.7932790517807007
501.8548278808594,151.7384796142578,23.120819091796875,163.9242401123047,0.7920554876327515
492.9491882324219,180.31874084472656,18.91448974609375,39.29978942871094,0.7830395102500916
121.068359375,190.15121459960938,22.639404296875,36.008544921875,0.7827929258346558
526.1685791015625,181.17874145507812,20.5830078125,39.7933349609375,0.7799397706985474
506.7809753417969,181.24404907226562,18.938812255859375,39.85980224609375,0.7733660340309143
