371.3839111328125,153.19808959960938,12.605712890625,26.530120849609375,0.8701521754264832
567.0481567382812,111.66978454589844,5.59259033203125,430.467529296875,0.8178700804710388
238.49037170410156,152.25848388671875,14.266403198242188,25.6243896484375,0.80854332447052
201.69775390625,153.78829956054688,14.576370239257812,25.943328857421875,0.8053882718086243
223.48483276367188,152.66970825195312,14.396560668945312,26.647705078125,0.7983012199401855
65.78815460205078,141.16757202148438,29.229049682617188,93.48289489746094,0.7978323698043823
127.25054931640625,152.6190948486328,24.087753295898438,39.8184814453125,0.795315682888031
162.715576171875,95.2864990234375,13.730987548828125,338.9639587402344,0.7810875177383423
596.0674438476562,38.42259216308594,5.52105712890625,433.7464599609375,0.7780025005340576
386.3545227050781,106.12593841552734,8.652252197265625,358.4136047363281,0.7778306603431702
