335.4688720703125,182.60867309570312,12.29498291015625,25.608047485351562,0.8330258727073669
181.19418334960938,135.96127319335938,10.2930908203125,352.2471008300781,0.8029450178146362
488.9384460449219,118.91023254394531,8.3013916015625,411.002685546875,0.7920952439308167
617.9558715820312,87.2132339477539,6.224365234375,444.6745300292969,0.7877583503723145
30.249217987060547,179.5760498046875,23.681175231933594,44.54853820800781,0.7838824391365051
526.600830078125,218.35096740722656,16.320556640625,369.4647216796875,0.7824042439460754
560.4376220703125,51.40489959716797,9.096923828125,413.0957336425781,0.7749247550964355
635.468017578125,72.8227767944336,8.404541015625,359.27362060546875,0.7701966762542725
124.13462829589844,185.91326904296875,20.964111328125,34.222869873046875,0.7610248327255249
637.371337890625,49.29851531982422,4.78289794921875,437.34661865234375,0.7575743794441223
