485.258544921875,188.92385864257812,23.108154296875,49.8262939453125,0.9587646722793579
463.2545166015625,193.41006469726562,21.481536865234375,46.07196044921875,0.9178954362869263
402.2156982421875,184.68670654296875,22.245025634765625,53.64495849609375,0.8571133613586426
495.6878662109375,121.16429138183594,7.229461669921875,404.20635986328125,0.8457682132720947
489.3424072265625,197.00283813476562,24.395263671875,51.26148986816406,0.8407612442970276
491.60870361328125,190.4350128173828,21.4893798828125,48.799407958984375,0.8073345422744751
604.5984497070312,94.84013366699219,6.42626953125,433.216552734375,0.8033649325370789
197.58120727539062,117.23902893066406,12.179962158203125,331.076904296875,0.8025021553039551
156.5923614501953,138.20907592773438,10.341751098632812,345.6481628417969,0.7999682426452637
27.83441162109375,184.78285217285156,23.63677215576172,44.436614990234375,0.7870793342590332
