108.90603637695312,178.7771759033203,13.550537109375,30.843399047851562,0.9757115840911865
498.5565490722656,166.63327026367188,46.678375244140625,108.70001220703125,0.8808915615081787
552.7601318359375,174.6241455078125,21.9566650390625,59.57293701171875,0.8673372268676758
631.9318237304688,-38.958106994628906,15.348388671875,375.61175537109375,0.8439613580703735
630.0098266601562,65.335205078125,6.54931640625,421.75762939453125,0.8401181101799011
553.0834350585938,114.9045181274414,6.6971435546875,430.8603210449219,0.8260692954063416
483.680908203125,69.23030090332031,11.5291748046875,350.88043212890625,0.8213141560554504
634.9122314453125,73.42223358154297,6.0179443359375,431.571533203125,0.8210165500640869
113.20179748535156,125.88435363769531,14.5718994140625,284.48388671875,0.8112778663635254
600.7782592773438,92.44185638427734,8.01361083984375,425.8432922363281,0.810782253742218
