591.6151733398438,180.9655303955078,18.13653564453125,45.37355041503906,0.9439683556556702
519.254150390625,114.85859680175781,10.097900390625,361.67547607421875,0.8300151824951172
240.881103515625,128.97140502929688,8.985931396484375,366.86676025390625,0.8192718625068665
93.92210388183594,132.71286010742188,20.5302734375,278.0199890136719,0.8151333928108215
557.6704711914062,193.32012939453125,12.61376953125,402.56048583984375,0.8076008558273315
622.8392333984375,82.0250244140625,8.2777099609375,401.5946350097656,0.8042141199111938
513.88037109375,119.57186126708984,8.2459716796875,423.2427673339844,0.7976633906364441
588.2095947265625,183.28916931152344,19.4451904296875,44.937408447265625,0.793439507484436
629.253662109375,84.43681335449219,6.28680419921875,433.5147705078125,0.7793270945549011
637.5866088867188,55.09487533569336,4.49713134765625,447.39996337890625,0.7695544362068176
