529.214599609375,113.77879333496094,9.41827392578125,369.04150390625,0.8365856409072876
84.49757385253906,135.39398193359375,17.073211669921875,269.55120849609375,0.8338440656661987
416.9017028808594,118.07804870605469,8.661285400390625,393.263427734375,0.8332574963569641
74.97320556640625,142.3112030029297,14.587478637695312,311.04766845703125,0.8325677514076233
299.41473388671875,117.30946350097656,15.49932861328125,322.716796875,0.8141610026359558
448.0869140625,173.6865234375,17.6878662109375,33.798187255859375,0.8085656762123108
23.88616943359375,185.20631408691406,24.529796600341797,45.3896484375,0.8052442669868469
605.5677490234375,89.1130142211914,10.372314453125,359.65899658203125,0.8017476797103882
637.1087036132812,57.99093246459961,5.20452880859375,434.4531555175781,0.790521502494812
542.5115356445312,224.94384765625,15.04095458984375,356.63018798828125,0.7868596911430359
