530.21826171875,172.78500366210938,24.9080810546875,61.85737609863281,0.9950295090675354
553.0829467773438,187.5142059326172,9.2088623046875,401.11578369140625,0.8383842706680298
492.3724670410156,118.41927337646484,8.809814453125,411.3229675292969,0.8365581035614014
618.7158813476562,-59.52734375,23.0001220703125,336.6925354003906,0.8325808644294739
472.11895751953125,175.21693420410156,19.693603515625,41.92926025390625,0.8051325082778931
527.9326171875,177.34750366210938,20.05047607421875,55.54899597167969,0.802304208278656
432.69940185546875,119.32746124267578,19.358367919921875,349.00347900390625,0.7653066515922546
625.0874633789062,82.18341064453125,7.2591552734375,390.5705871582031,0.764931321144104
14.202542304992676,161.86648559570312,25.851238250732422,178.60641479492188,0.758554995059967
637.633056640625,95.37049865722656,3.37530517578125,457.07904052734375,0.7576867938041687
