534.928955078125,170.61936950683594,26.14837646484375,73.06697082519531,0.9906691312789917
616.8120727539062,7.884049415588379,44.81298828125,310.16046142578125,0.8443443775177002
427.2523498535156,180.0343780517578,16.363006591796875,31.720993041992188,0.831490159034729
632.1168212890625,84.94050598144531,10.9034423828125,326.56414794921875,0.8134801983833313
574.371826171875,117.02015686035156,6.415283203125,445.82171630859375,0.7990639805793762
608.4201049804688,91.99600982666016,6.35723876953125,437.3188171386719,0.7987633347511292
30.371484756469727,187.37742614746094,28.241853713989258,58.45256042480469,0.7963436841964722
529.3908081054688,66.76490020751953,10.75628662109375,391.11492919921875,0.7884446382522583
219.90150451660156,110.66023254394531,13.210952758789062,353.3963623046875,0.7724176645278931
460.4931335449219,178.7730712890625,19.639434814453125,39.81304931640625,0.7697684168815613
