569.2261352539062,182.2017059326172,34.96142578125,78.11708068847656,0.9967774748802185
473.27069091796875,179.682373046875,35.159912109375,75.92063903808594,0.9642221331596375
607.9357299804688,168.3409881591797,22.487548828125,83.23710632324219,0.8979629278182983
587.3098754882812,187.50267028808594,22.87921142578125,60.97203063964844,0.8633089065551758
618.1670532226562,88.7618637084961,10.07025146484375,398.23883056640625,0.8336232900619507
541.5479125976562,104.3056869506836,10.88671875,402.0101623535156,0.8315799236297607
407.7377014160156,116.66443634033203,10.504913330078125,406.20733642578125,0.8226921558380127
624.1200561523438,-7.187361717224121,30.39642333984375,357.63336181640625,0.8111679553985596
634.717529296875,103.13961791992188,8.59149169921875,439.6817932128906,0.808563768863678
386.6780090332031,180.62339782714844,45.050750732421875,27.95758056640625,0.8074726462364197
