478.8778381347656,174.6923065185547,15.31585693359375,35.7032470703125,0.946316659450531
515.3409423828125,171.23898315429688,16.56719970703125,39.96539306640625,0.9338458180427551
475.2466125488281,175.49668884277344,16.360626220703125,37.10667419433594,0.84876948595047
474.013916015625,118.73699951171875,8.2047119140625,404.4345703125,0.8266354203224182
632.5967407226562,65.77802276611328,5.54107666015625,434.862548828125,0.8158488869667053
595.4900512695312,103.68006896972656,7.392578125,413.09027099609375,0.8133982419967651
630.115478515625,-48.21312713623047,19.14813232421875,375.5000305175781,0.794522225856781
527.9373168945312,87.36046600341797,7.63409423828125,406.3397216796875,0.7923071980476379
126.19332885742188,135.9554901123047,11.132781982421875,334.9921875,0.7898273468017578
93.88045501708984,114.33939361572266,17.34052276611328,309.69390869140625,0.7594316601753235
