12.982687950134277,155.7219696044922,62.70020294189453,138.72694396972656,0.9938949942588806
472.6734924316406,174.01821899414062,14.086090087890625,34.499786376953125,0.8978230953216553
467.3341064453125,169.40208435058594,12.35113525390625,392.3892822265625,0.832908034324646
510.6964416503906,48.56061553955078,26.740936279296875,246.06427001953125,0.8283013105392456
428.4341125488281,172.0909881591797,16.2939453125,34.691619873046875,0.8246192336082458
128.10671997070312,130.49534606933594,19.471710205078125,305.25189208984375,0.819489598274231
467.98370361328125,174.3008270263672,16.00616455078125,37.796234130859375,0.8171129822731018
627.635986328125,165.09707641601562,14.96044921875,120.59097290039062,0.8058232069015503
616.6425170898438,90.55140686035156,7.39215087890625,357.1339111328125,0.8021805286407471
129.143798828125,178.75344848632812,22.746856689453125,43.10148620605469,0.7981095910072327
