82.37832641601562,184.46109008789062,14.356979370117188,33.90364074707031,0.894085705280304
188.15077209472656,130.48300170898438,11.919967651367188,358.6958312988281,0.8507272601127625
472.0536804199219,114.5318832397461,16.188873291015625,359.5509948730469,0.8352437019348145
562.6359252929688,118.63191223144531,6.7899169921875,435.4246826171875,0.8352038860321045
628.81494140625,155.3273162841797,16.10784912109375,167.3359832763672,0.8287082314491272
468.10150146484375,177.84469604492188,17.70208740234375,35.80366516113281,0.8253376483917236
122.19451904296875,146.28184509277344,22.614471435546875,283.20050048828125,0.8181236386299133
596.4191284179688,-87.21483612060547,9.27593994140625,416.4024963378906,0.813871443271637
591.345703125,133.38534545898438,19.8048095703125,208.39395141601562,0.8056412935256958
528.2217407226562,69.569580078125,50.5509033203125,182.97509765625,0.7980719208717346
