491.45794677734375,182.39300537109375,21.87933349609375,49.11909484863281,0.8717217445373535
477.7609558105469,120.92658233642578,8.6788330078125,407.4185791015625,0.8291016221046448
37.983245849609375,182.1758575439453,26.5645751953125,71.4415283203125,0.8145038485527039
592.3424072265625,99.21157836914062,6.86297607421875,415.8005065917969,0.8124383687973022
462.5733947753906,188.01010131835938,21.943511962890625,46.30497741699219,0.8000537753105164
147.15750122070312,193.74447631835938,25.277374267578125,45.75077819824219,0.7972261309623718
200.2057647705078,135.30274963378906,10.087814331054688,355.73577880859375,0.7970048785209656
93.61895751953125,168.3876190185547,26.7523193359375,111.95921325683594,0.7948764562606812
633.8819580078125,83.17667388916016,5.83502197265625,445.9067687988281,0.7904767394065857
92.98282623291016,179.7153778076172,27.07440948486328,77.09892272949219,0.7874706387519836
