432.16168212890625,179.79905700683594,18.808349609375,43.0186767578125,0.8964782357215881
512.3119506835938,117.06980895996094,7.072265625,412.478515625,0.8223007917404175
357.8682861328125,175.08250427246094,17.322601318359375,35.06329345703125,0.8110209703445435
628.3526000976562,173.24688720703125,12.76361083984375,90.35195922851562,0.8049047589302063
568.4032592773438,86.80850219726562,6.668701171875,427.1675109863281,0.8037031292915344
396.8988342285156,178.00009155273438,15.9365234375,37.51795959472656,0.7983470559120178
601.8074340820312,96.7265396118164,6.06414794921875,418.9953308105469,0.7981457710266113
194.67926025390625,138.43484497070312,9.723892211914062,348.2139892578125,0.7947363257408142
636.1890869140625,76.46615600585938,4.9320068359375,436.6337585449219,0.7821786403656006
637.1193237304688,90.00969696044922,3.57427978515625,459.12860107421875,0.7808436751365662
