545.0780029296875,113.78498840332031,5.873779296875,416.7996826171875,0.8112251162528992
636.466064453125,63.888545989990234,4.5047607421875,440.3136901855469,0.8101738691329956
578.947265625,94.77841186523438,7.155517578125,402.0699157714844,0.8040068745613098
540.8182373046875,162.09939575195312,18.26611328125,42.941375732421875,0.7934957146644592
100.76162719726562,123.63086700439453,15.964370727539062,282.1944274902344,0.7913764715194702
625.15869140625,10.948634147644043,28.1253662109375,282.33172607421875,0.7909336686134338
442.78948974609375,160.6978302001953,18.576812744140625,41.309234619140625,0.780759334564209
622.5545654296875,159.22779846191406,15.59112548828125,75.64878845214844,0.7705742716789246
218.86843872070312,135.85240173339844,9.45245361328125,351.51751708984375,0.759282112121582
516.4660034179688,85.56724548339844,7.70343017578125,395.84112548828125,0.7544441819190979
