636.2185668945312,99.95266723632812,6.29559326171875,438.4411315917969,0.8438887596130371
205.1436767578125,162.0459442138672,22.209671020507812,54.06959533691406,0.8433506488800049
534.4428100585938,113.46699523925781,6.60223388671875,420.62841796875,0.8205587267875671
361.49163818359375,160.3006134033203,22.21832275390625,45.613372802734375,0.8192400932312012
368.12646484375,160.595458984375,21.70233154296875,44.66339111328125,0.816941499710083
605.4303588867188,90.48617553710938,6.25714111328125,425.4692077636719,0.810731053352356
632.5528564453125,75.08226776123047,7.35528564453125,407.9996643066406,0.8081287741661072
137.05551147460938,113.39427185058594,15.1839599609375,311.37615966796875,0.7910436391830444
581.0126953125,200.99838256835938,8.66986083984375,390.3616027832031,0.7909548282623291
564.8662109375,104.62474822998047,44.0523681640625,237.3299560546875,0.7894802093505859
