78.02256774902344,186.57192993164062,28.38916015625,78.90438842773438,0.9923607707023621
425.15771484375,195.66903686523438,13.0750732421875,374.3490905761719,0.8768744468688965
479.388671875,134.92184448242188,15.60064697265625,336.7548522949219,0.8679960370063782
218.5299530029297,146.51693725585938,24.254074096679688,221.72848510742188,0.8506383895874023
610.7401733398438,82.10030364990234,10.30224609375,382.4642333984375,0.8493658304214478
627.8310546875,95.08946228027344,8.02325439453125,423.53106689453125,0.844763994216919
459.1543884277344,119.80229187011719,9.4940185546875,404.96722412109375,0.8430352807044983
431.96636962890625,104.25151062011719,11.008056640625,376.20843505859375,0.8338498473167419
206.8668212890625,187.83265686035156,23.62109375,70.32624816894531,0.8316197395324707
214.39022827148438,186.56983947753906,21.47125244140625,54.01338195800781,0.8301966786384583
