84.84391784667969,207.15826416015625,57.66514587402344,44.32562255859375,0.9741703271865845
627.1842041015625,168.17083740234375,19.737060546875,195.06552124023438,0.8753740787506104
193.05259704589844,154.2135009765625,14.640457153320312,337.5278625488281,0.8600566983222961
524.8988037109375,206.87049865722656,16.6475830078125,31.523956298828125,0.8567962646484375
513.7940673828125,210.05160522460938,15.82568359375,30.140716552734375,0.8487347960472107
476.760009765625,195.8597412109375,11.51702880859375,387.281982421875,0.8414041996002197
480.0606994628906,210.43389892578125,12.0953369140625,26.641571044921875,0.8376664519309998
593.0910034179688,-11.472930908203125,24.46319580078125,367.0086975097656,0.8371551036834717
624.3123779296875,111.45220947265625,8.23291015625,397.2097473144531,0.8313027620315552
520.073974609375,210.47006225585938,14.99139404296875,29.288116455078125,0.8171567916870117
