251.86903381347656,190.86199951171875,11.844375610351562,22.708969116210938,0.9877963662147522
545.6493530273438,174.8409881591797,25.399169921875,65.53126525878906,0.9657654762268066
604.0193481445312,169.41888427734375,25.88201904296875,73.58573913574219,0.9571009278297424
444.2139892578125,175.8990020751953,19.031219482421875,56.3304443359375,0.9092934727668762
635.7333374023438,-151.7758026123047,6.2099609375,456.2032470703125,0.8289861083030701
228.62831115722656,192.02059936523438,11.457717895507812,21.651107788085938,0.8252415657043457
593.7090454101562,116.98747253417969,10.5885009765625,302.7674560546875,0.8125506639480591
245.14663696289062,191.32769775390625,11.699554443359375,23.70068359375,0.8124207854270935
600.1777954101562,173.65097045898438,25.1116943359375,64.04704284667969,0.7942885160446167
601.4234619140625,101.90806579589844,7.2884521484375,424.68414306640625,0.7854480743408203
