575.2293701171875,163.32554626464844,7.17291259765625,424.4432373046875,0.8281408548355103
538.9034423828125,165.03636169433594,27.23309326171875,130.1609344482422,0.8268597722053528
349.01055908203125,121.81002807617188,10.0335693359375,374.5101623535156,0.8023688197135925
543.98046875,105.28868865966797,9.05401611328125,384.3630676269531,0.7961803078651428
635.49951171875,59.0541877746582,7.51690673828125,407.7613525390625,0.7892220616340637
24.0803165435791,193.35903930664062,31.305349349975586,73.94540405273438,0.7644004821777344
635.0796508789062,74.7276611328125,6.02508544921875,433.5111999511719,0.7606139183044434
60.59748840332031,148.76437377929688,18.497886657714844,240.31643676757812,0.7599150538444519
441.97882080078125,96.26917266845703,10.946533203125,377.05841064453125,0.7588058710098267
637.8877563476562,105.14151000976562,3.8365478515625,454.4451599121094,0.7559200525283813
