43.53858947753906,187.0077362060547,16.923503875732422,30.595840454101562,0.9520928263664246
615.944580078125,78.38859558105469,9.0859375,382.453369140625,0.8749858140945435
617.8002319335938,89.76809692382812,8.46759033203125,379.107666015625,0.8533325791358948
532.155029296875,137.05584716796875,20.473876953125,187.16317749023438,0.8167996406555176
27.273881912231445,184.90618896484375,18.174612045288086,36.48529052734375,0.8163045048713684
16.384122848510742,182.38119506835938,18.665170669555664,38.93086242675781,0.815073549747467
530.5806884765625,20.274181365966797,17.4354248046875,289.2475280761719,0.7963406443595886
636.0597534179688,83.174560546875,5.01507568359375,447.2637939453125,0.7940810322761536
636.5555419921875,67.57152557373047,6.0972900390625,416.62982177734375,0.7899289727210999
622.5791015625,88.1021728515625,6.8687744140625,417.5173645019531,0.7884566783905029
