219.30859375,186.6573944091797,47.70599365234375,52.725250244140625,0.9090443849563599
631.1463012695312,66.72024536132812,6.1192626953125,430.47747802734375,0.8801862597465515
227.37672424316406,141.740234375,9.681625366210938,350.4403381347656,0.8774302005767822
93.9410400390625,136.32614135742188,18.164810180664062,271.73876953125,0.8766061663627625
571.725341796875,112.58442687988281,5.78424072265625,434.28619384765625,0.8679265379905701
446.79779052734375,111.84902954101562,15.0152587890625,343.26800537109375,0.8668676614761353
502.1409606933594,200.7926025390625,9.683380126953125,383.75579833984375,0.8482654094696045
391.5950927734375,194.1537628173828,18.481201171875,41.14143371582031,0.8326066732406616
635.3272094726562,83.87080383300781,4.482421875,446.4454345703125,0.8175660371780396
621.428955078125,122.81330108642578,10.09576416015625,343.87237548828125,0.8076462149620056
