536.55224609375,110.06139373779297,14.28497314453125,383.6248779296875,0.8431838154792786
636.18359375,45.02416229248047,7.18463134765625,408.59124755859375,0.8344531059265137
543.7540283203125,111.42835998535156,7.8343505859375,433.47021484375,0.8288285136222839
549.5579223632812,181.2235107421875,10.79156494140625,407.0467529296875,0.8268289566040039
247.353271484375,131.00106811523438,12.559661865234375,370.6551513671875,0.8231343030929565
633.3533325195312,77.71221923828125,7.09222412109375,426.2646484375,0.8192511200904846
630.7579345703125,85.99492645263672,7.1348876953125,435.72796630859375,0.8175099492073059
621.2081909179688,73.33776092529297,9.6962890625,412.8296813964844,0.8082529306411743
519.6716918945312,163.08213806152344,28.4052734375,130.5678253173828,0.8031327724456787
241.1514892578125,149.7513427734375,23.657684326171875,200.86911010742188,0.801818311214447
