471.53546142578125,184.62815856933594,11.089385986328125,382.24261474609375,0.859642505645752
635.3218383789062,66.30416107177734,8.81304931640625,395.5178527832031,0.8552594780921936
389.2322998046875,131.922119140625,21.205902099609375,305.1472473144531,0.8038160800933838
611.4837036132812,101.49948120117188,17.74566650390625,304.38824462890625,0.7982426285743713
75.66966247558594,150.48638916015625,18.896804809570312,298.5409240722656,0.7873395085334778
618.1558837890625,75.25484466552734,8.552734375,394.3000793457031,0.7855095267295837
627.8038940429688,72.01600646972656,6.65185546875,420.91192626953125,0.7793217897415161
621.2025146484375,88.47396087646484,7.3038330078125,416.8964538574219,0.7740042805671692
30.462846755981445,157.81553649902344,32.83955383300781,215.6017608642578,0.7725500464439392
347.0045471191406,111.19843292236328,13.082183837890625,388.7614440917969,0.7711036205291748
