22.482873916625977,176.97950744628906,34.01683044433594,83.82307434082031,0.9948374629020691
62.507965087890625,181.08306884765625,27.158538818359375,71.71649169921875,0.9911062121391296
99.05908203125,135.5463104248047,23.384002685546875,307.0615234375,0.8592821359634399
16.05234146118164,180.84527587890625,25.338912963867188,74.28781127929688,0.8433874249458313
632.9960327148438,108.22602844238281,12.52716064453125,341.7548828125,0.840914249420166
220.1475372314453,196.5599365234375,23.99615478515625,329.93218994140625,0.8407583236694336
20.85016632080078,169.46121215820312,34.24697494506836,190.75079345703125,0.8160394430160522
607.3047485351562,107.82345581054688,19.00054931640625,292.5105895996094,0.8130084276199341
50.03050231933594,162.8394317626953,17.396514892578125,256.205810546875,0.8114815950393677
13.66295051574707,182.6365966796875,33.04753875732422,92.41571044921875,0.8099759221076965
