510.2095947265625,176.88197326660156,10.6417236328125,392.2867431640625,0.8614109754562378
626.8010864257812,119.16356658935547,18.52020263671875,269.8352966308594,0.8385248780250549
633.731689453125,85.0849609375,5.37750244140625,441.4005126953125,0.8352235555648804
610.2987060546875,95.8914794921875,8.66973876953125,390.0447998046875,0.8250475525856018
438.9837341308594,117.06627655029297,10.83685302734375,394.9334716796875,0.8225507736206055
37.459693908691406,189.90176391601562,38.9080810546875,92.5875244140625,0.8171278238296509
620.75341796875,78.06121063232422,8.21942138671875,391.2464294433594,0.7984246015548706
292.06201171875,99.87120056152344,20.49847412109375,344.850830078125,0.7961412072181702
612.2766723632812,106.58114624023438,17.02630615234375,281.6057434082031,0.7944868803024292
635.5531005859375,78.80797576904297,5.5894775390625,432.7837829589844,0.7904818058013916
