356.2137145996094,137.14649963378906,16.8856201171875,284.02655029296875,0.8617339730262756
565.4453125,181.6292266845703,8.4466552734375,402.84716796875,0.849531352519989
525.9561157226562,116.319580078125,7.23370361328125,414.7913818359375,0.8275945782661438
624.1381225585938,63.6210823059082,12.1923828125,352.7128601074219,0.82321697473526
184.05824279785156,129.8735809326172,11.275634765625,351.951904296875,0.8221713900566101
191.7022705078125,116.1463623046875,15.212020874023438,323.9918212890625,0.8151357769966125
626.347412109375,120.01021575927734,14.55322265625,181.24746704101562,0.8078452944755554
629.6949462890625,85.28008270263672,5.5252685546875,430.72796630859375,0.792564332485199
234.384765625,154.31613159179688,20.818634033203125,187.80160522460938,0.7924561500549316
635.1837768554688,66.35794067382812,5.54345703125,430.8119201660156,0.789496898651123
