367.09393310546875,182.77117919921875,27.723388671875,104.93295288085938,0.8638859987258911
566.525390625,116.44718170166016,6.345947265625,429.4100036621094,0.8527132272720337
625.9421997070312,109.44061279296875,15.3966064453125,231.09323120117188,0.8395055532455444
594.1652221679688,68.79605102539062,31.60040283203125,170.78509521484375,0.8257911801338196
244.36643981933594,109.49715423583984,11.972854614257812,346.8442687988281,0.818473756313324
631.9141235351562,75.40791320800781,5.8232421875,432.49432373046875,0.8156804442405701
600.1172485351562,174.52462768554688,6.29571533203125,431.7464904785156,0.8155990839004517
628.3992919921875,90.31940460205078,7.041259765625,412.9591979980469,0.8082517981529236
560.3519287109375,136.13027954101562,25.75634765625,93.15733337402344,0.7918403148651123
237.3358154296875,129.79574584960938,9.183197021484375,365.9676818847656,0.785128653049469
