632.5557861328125,90.0809097290039,11.3382568359375,286.4054870605469,0.8659491539001465
595.5991821289062,98.36540222167969,6.9122314453125,420.10369873046875,0.8601881265640259
263.5199890136719,169.06964111328125,33.060638427734375,112.18820190429688,0.857774555683136
444.18133544921875,128.9646453857422,9.350433349609375,386.93365478515625,0.8523813486099243
514.3206176757812,179.866943359375,9.69952392578125,399.62469482421875,0.8472478985786438
636.8043212890625,18.073711395263672,5.37335205078125,434.0447998046875,0.8350871205329895
177.94691467285156,120.40067291259766,13.23626708984375,318.6523132324219,0.8300719261169434
594.7911376953125,104.33516693115234,11.885986328125,328.9767150878906,0.8292109370231628
633.4494018554688,92.56244659423828,5.65740966796875,436.34564208984375,0.8276559710502625
166.19375610351562,95.92980194091797,23.604156494140625,262.18853759765625,0.8197513222694397
