557.0397338867188,175.3329620361328,7.5003662109375,402.48382568359375,0.8366444706916809
628.1678466796875,71.56404113769531,5.99951171875,406.70648193359375,0.795026957988739
547.802490234375,102.15837097167969,10.441162109375,383.247314453125,0.7867875695228577
166.66806030273438,183.82080078125,29.70263671875,59.91062927246094,0.7784472703933716
487.7861328125,166.50103759765625,29.9505615234375,54.77668762207031,0.7784344553947449
632.74365234375,79.62821960449219,4.70758056640625,443.38824462890625,0.7634572982788086
396.05560302734375,122.51747131347656,11.55950927734375,376.422119140625,0.7628986835479736
636.5433959960938,60.42436218261719,4.62548828125,447.87322998046875,0.761313259601593
328.9269714355469,172.8194122314453,35.139373779296875,70.77449035644531,0.7509599328041077
473.1725769042969,164.63160705566406,34.537811279296875,62.48344421386719,0.7485594749450684
