580.6585693359375,162.91537475585938,6.53009033203125,426.1170959472656,0.8436217904090881
568.6976928710938,96.64512634277344,8.144287109375,402.16583251953125,0.8217794299125671
635.4951171875,80.94358825683594,8.35711669921875,349.93060302734375,0.8087431192398071
348.1841735839844,123.95779418945312,10.51031494140625,365.0406799316406,0.8069825768470764
56.607669830322266,140.3429718017578,17.117504119873047,297.1851806640625,0.7950099110603333
631.826416015625,70.78433990478516,5.6693115234375,433.1859436035156,0.77845698595047
524.1211547851562,172.50790405273438,29.0867919921875,55.56422424316406,0.7764973044395447
634.8280029296875,80.75301361083984,4.5113525390625,444.0511169433594,0.7751184105873108
633.5708618164062,74.39299011230469,4.51031494140625,449.59393310546875,0.7732451558113098
51.46537399291992,134.6836395263672,22.373912811279297,252.45240783691406,0.7601004242897034
