371.0772705078125,130.8963623046875,34.0701904296875,77.74867248535156,0.9243186712265015
527.727783203125,124.457275390625,7.2763671875,411.87353515625,0.8206582069396973
532.420166015625,133.8983612060547,21.86932373046875,98.88444519042969,0.7933909296989441
618.5680541992188,94.47372436523438,11.73260498046875,325.71527099609375,0.7927778363227844
636.9335327148438,90.47965240478516,5.14056396484375,441.4137268066406,0.7779158353805542
548.7744750976562,140.05221557617188,16.6287841796875,90.61721801757812,0.7744089961051941
467.4623107910156,140.44686889648438,31.580413818359375,80.24626159667969,0.7705138921737671
390.8431701660156,138.66485595703125,31.055816650390625,67.15791320800781,0.7695329189300537
403.4306335449219,130.99588012695312,62.107452392578125,101.87794494628906,0.7665446400642395
631.3545532226562,80.96554565429688,11.000732421875,309.0576477050781,0.7625588774681091
