503.16339111328125,168.69778442382812,26.4251708984375,50.269256591796875,0.8052213191986084
520.4037475585938,170.40309143066406,24.11065673828125,50.10832214355469,0.7905842661857605
571.2652587890625,155.94247436523438,29.3150634765625,59.581695556640625,0.7874854207038879
635.9071044921875,67.7694091796875,7.267333984375,329.3723449707031,0.778903603553772
469.3588562011719,176.79379272460938,22.212310791015625,47.93946838378906,0.7760711908340454
500.87213134765625,120.80097198486328,7.57574462890625,406.8824462890625,0.7706097364425659
532.57861328125,163.89593505859375,27.66485595703125,53.34657287597656,0.7673837542533875
597.9964599609375,162.48812866210938,16.400634765625,108.27706909179688,0.7608008980751038
584.0099487304688,175.93511962890625,6.968994140625,422.39190673828125,0.7593244314193726
104.44522857666016,147.6401824951172,12.460350036621094,321.0015869140625,0.7548760175704956
