586.2128295898438,124.22062683105469,35.12237548828125,94.03297424316406,0.8722072839736938
631.601318359375,46.307395935058594,9.299560546875,194.38638305664062,0.8072551488876343
560.5911865234375,177.74530029296875,7.75762939453125,410.89251708984375,0.7784322500228882
590.2179565429688,145.77606201171875,25.94317626953125,95.4453125,0.7718892097473145
543.5775146484375,141.29055786132812,35.1827392578125,99.0780029296875,0.7602647542953491
540.8104858398438,144.93739318847656,32.93212890625,72.67744445800781,0.760046124458313
449.33514404296875,128.9764862060547,9.48095703125,391.16766357421875,0.729019820690155
81.8778305053711,155.03758239746094,15.728187561035156,303.79315185546875,0.7247793078422546
605.8712158203125,61.34288024902344,36.566650390625,254.1893768310547,0.7198123335838318
637.8443603515625,108.1623306274414,3.9613037109375,456.7684020996094,0.7133644223213196
