405.947998046875,134.47024536132812,11.281036376953125,391.3021545410156,0.8383439779281616
589.1736450195312,103.73765563964844,7.69598388671875,419.505615234375,0.8312864303588867
421.81976318359375,199.04559326171875,14.08837890625,30.629653930664062,0.8246946930885315
611.6580810546875,109.25244140625,10.9627685546875,369.9781188964844,0.8086456656455994
157.7774200439453,137.9411163330078,11.878433227539062,357.92999267578125,0.804433286190033
571.2157592773438,184.76553344726562,10.79656982421875,416.2703552246094,0.7997289299964905
525.2111206054688,97.3314437866211,8.9757080078125,411.35076904296875,0.7955631017684937
634.3504638671875,95.05449676513672,5.6715087890625,449.023681640625,0.7943358421325684
634.6248779296875,101.96285247802734,10.07574462890625,368.89703369140625,0.7686638236045837
114.30998229980469,145.4157257080078,16.654129028320312,296.3031005859375,0.7648345232009888
