232.11492919921875,186.99771118164062,15.40087890625,25.6339111328125,0.8861798048019409
532.3200073242188,183.08457946777344,18.4844970703125,47.637176513671875,0.839479923248291
345.55072021484375,184.76512145996094,14.5125732421875,27.737930297851562,0.8381844758987427
236.46734619140625,188.67445373535156,14.089126586914062,25.065963745117188,0.8370036482810974
239.29214477539062,187.7340850830078,14.92034912109375,26.8817138671875,0.8230053782463074
511.8013916015625,119.03482055664062,7.97314453125,421.4703674316406,0.8156786561012268
190.74295043945312,134.7285919189453,10.269317626953125,353.490478515625,0.7906136512756348
592.7178344726562,100.17796325683594,7.332763671875,419.165771484375,0.7887811064720154
314.83984375,191.21224975585938,12.44281005859375,24.999130249023438,0.7837217450141907
338.08050537109375,186.78402709960938,11.41070556640625,24.050079345703125,0.7759730219841003
