534.325439453125,151.4033203125,39.31231689453125,96.2265625,0.9966099858283997
580.0352172851562,174.26161193847656,30.0235595703125,66.5845947265625,0.9911549091339111
185.6120147705078,178.1188201904297,12.592803955078125,27.789230346679688,0.8742281198501587
519.0914916992188,117.1590347290039,6.87030029296875,413.2265930175781,0.8359454274177551
333.9241027832031,168.35047912597656,16.540008544921875,36.07273864746094,0.8238314986228943
540.4602661132812,162.9366455078125,24.43609619140625,60.766204833984375,0.817566454410553
378.1417236328125,176.93470764160156,20.881866455078125,38.21649169921875,0.8108594417572021
270.7055969238281,175.3905487060547,14.8648681640625,29.559768676757812,0.807711660861969
300.81097412109375,177.4629669189453,13.277740478515625,26.919479370117188,0.8009597659111023
581.3738403320312,123.00572204589844,11.22357177734375,220.9981231689453,0.7989576458930969
