345.881591796875,173.8743896484375,11.307891845703125,26.855911254882812,0.9479623436927795
329.1763000488281,174.2830047607422,11.918792724609375,26.665557861328125,0.9111974835395813
450.13592529296875,172.2721710205078,22.94189453125,54.034454345703125,0.9096680879592896
445.9483337402344,175.7926025390625,24.387420654296875,54.50360107421875,0.9003665447235107
375.784423828125,174.56484985351562,16.8985595703125,37.22761535644531,0.8964016437530518
210.67323303222656,176.21372985839844,12.4171142578125,27.336944580078125,0.8956054449081421
317.52264404296875,177.30999755859375,13.362701416015625,29.455718994140625,0.8510414958000183
506.4914245605469,113.92902374267578,7.065032958984375,413.54522705078125,0.8430051803588867
422.5274658203125,171.22691345214844,22.347259521484375,49.61949157714844,0.8331435322761536
634.3058471679688,61.202430725097656,4.94427490234375,440.2044372558594,0.8272588849067688
