183.72299194335938,174.32936096191406,16.484100341796875,35.50444030761719,0.8930963277816772
216.82177734375,172.89859008789062,15.923965454101562,35.79374694824219,0.8845856785774231
387.3495178222656,120.23973846435547,10.32196044921875,385.3751220703125,0.809105396270752
525.7094116210938,127.08336639404297,9.48095703125,344.90234375,0.8038347363471985
127.899658203125,142.45632934570312,11.402801513671875,325.6603698730469,0.8030552864074707
96.93901062011719,172.0023193359375,18.65039825439453,43.10887145996094,0.8028645515441895
88.5110092163086,172.65980529785156,18.59729766845703,43.45069885253906,0.802368700504303
227.55447387695312,174.30911254882812,16.6248779296875,35.248748779296875,0.8005017042160034
525.0826416015625,135.93759155273438,12.273193359375,170.33114624023438,0.7921894192695618
461.847900390625,224.7252197265625,16.95123291015625,330.5970458984375,0.7838542461395264
