592.3778686523438,164.32911682128906,20.81011962890625,77.58714294433594,0.9498749375343323
587.848876953125,165.983154296875,22.84954833984375,71.23344421386719,0.9073370695114136
627.5841064453125,160.6927032470703,12.26007080078125,91.58998107910156,0.8775181174278259
583.4686279296875,164.96893310546875,19.6966552734375,72.62989807128906,0.8716675639152527
630.1541748046875,69.07166290283203,6.16534423828125,421.37249755859375,0.7999180555343628
598.1640625,182.7368927001953,6.9437255859375,420.31732177734375,0.7832139134407043
562.6322021484375,172.01513671875,22.13055419921875,63.41487121582031,0.7818838357925415
145.93014526367188,189.66177368164062,26.521957397460938,47.01910400390625,0.7804693579673767
495.6103210449219,116.41847229003906,7.972412109375,411.8175048828125,0.7619433999061584
614.3995971679688,5.159611701965332,49.51470947265625,299.0035400390625,0.7590779662132263
