56.81672668457031,182.12054443359375,18.562599182128906,37.73503112792969,0.894477128982544
104.36959075927734,182.27125549316406,18.142433166503906,38.94493103027344,0.861900269985199
120.34320831298828,144.39816284179688,11.959251403808594,324.48333740234375,0.8206208348274231
443.19232177734375,102.80038452148438,10.264434814453125,366.03070068359375,0.7915545105934143
377.47393798828125,131.49571228027344,11.26251220703125,380.291748046875,0.7866764664649963
84.46798706054688,183.1253662109375,17.90765380859375,37.94526672363281,0.7839511632919312
64.46517944335938,182.461669921875,17.54901123046875,38.837554931640625,0.7833088636398315
587.0924072265625,125.89617919921875,11.08087158203125,320.6180114746094,0.7797408699989319
543.7583618164062,139.62310791015625,10.9217529296875,348.20379638671875,0.7779760360717773
74.91667938232422,183.2739715576172,17.65283966064453,38.05003356933594,0.7760847806930542
