608.7506713867188,130.60987854003906,18.79345703125,208.86390686035156,0.8504257202148438
542.0700073242188,179.2630615234375,17.87384033203125,37.59893798828125,0.8354894518852234
576.701904296875,177.3679656982422,10.49176025390625,70.1083984375,0.8332000970840454
597.39208984375,97.62709045410156,7.77276611328125,421.5111083984375,0.8179143667221069
604.9432373046875,100.90901184082031,10.94000244140625,348.18536376953125,0.8155536651611328
500.63616943359375,178.7733917236328,18.1046142578125,34.05126953125,0.8110595941543579
462.7300720214844,121.29586029052734,8.873291015625,402.9772644042969,0.8094523549079895
472.2690124511719,180.4403076171875,17.030181884765625,30.310821533203125,0.8091474771499634
625.4274291992188,-19.986576080322266,28.32489013671875,332.97235107421875,0.7876145243644714
146.57284545898438,130.23207092285156,11.054458618164062,348.47467041015625,0.7853997945785522
