623.7452392578125,81.59905242919922,7.92718505859375,394.7402648925781,0.8481343984603882
108.43583679199219,149.5031280517578,21.365264892578125,265.98846435546875,0.8384835720062256
156.78948974609375,140.03515625,13.081634521484375,339.93804931640625,0.8308429718017578
588.5765380859375,178.04580688476562,21.0875244140625,42.086334228515625,0.8189254403114319
516.9622802734375,115.97554016113281,14.3692626953125,378.04876708984375,0.8149946331977844
553.0147705078125,130.16412353515625,8.12786865234375,426.3258056640625,0.8098458051681519
619.3650512695312,79.13951110839844,16.20941162109375,378.25799560546875,0.7966736555099487
14.965457916259766,185.11598205566406,20.13425064086914,45.27662658691406,0.796164333820343
624.5883178710938,173.1128692626953,12.79449462890625,55.27561950683594,0.7921839952468872
577.5579223632812,16.621456146240234,25.6451416015625,265.1215515136719,0.7912274599075317
