590.084716796875,165.8841094970703,28.15130615234375,68.04597473144531,0.9869933128356934
583.9240112304688,167.7624969482422,28.521484375,65.21133422851562,0.8743797540664673
621.198974609375,168.86807250976562,14.62200927734375,69.86441040039062,0.8195044994354248
556.7113037109375,167.14842224121094,18.54229736328125,41.67701721191406,0.7935198545455933
583.1571044921875,184.97271728515625,7.3896484375,410.76983642578125,0.7877516150474548
577.89794921875,166.31246948242188,27.278564453125,56.21148681640625,0.7824452519416809
502.6465148925781,114.30355834960938,7.803955078125,417.7985534667969,0.7706217169761658
546.184326171875,113.68440246582031,12.005615234375,387.2938232421875,0.7650117874145508
133.8851318359375,145.2845458984375,12.099609375,341.1015930175781,0.7582451105117798
636.9000854492188,89.15696716308594,3.735595703125,456.53997802734375,0.7515978217124939
