57.11223602294922,182.83290100097656,14.961654663085938,36.34529113769531,0.9120784401893616
176.2294158935547,146.03904724121094,10.906524658203125,335.74212646484375,0.8297459483146667
519.2935791015625,87.06477355957031,7.9835205078125,402.63934326171875,0.8262844085693359
616.7327270507812,82.1281967163086,9.6175537109375,381.0157775878906,0.8174211382865906
637.1298217773438,55.20881652832031,5.118408203125,433.8934326171875,0.814185619354248
432.6068115234375,142.75164794921875,15.4862060546875,314.0445861816406,0.8124122619628906
615.1231689453125,88.06753540039062,20.2611083984375,305.7922058105469,0.8031318783760071
129.92855834960938,126.6624755859375,18.344741821289062,300.0304260253906,0.8030977249145508
481.1017150878906,137.91905212402344,9.437042236328125,393.95269775390625,0.7878223061561584
632.7108764648438,124.82046508789062,12.0218505859375,248.33090209960938,0.7853267192840576
