446.0437316894531,181.3004913330078,15.60821533203125,37.121337890625,0.9877938628196716
179.56307983398438,155.61578369140625,10.62469482421875,331.1310119628906,0.8205163478851318
636.701171875,56.75408172607422,5.91796875,431.81982421875,0.8028810620307922
542.5708618164062,96.98220825195312,7.48779296875,402.36236572265625,0.7949190735816956
609.3677368164062,102.13355255126953,9.03302001953125,347.95867919921875,0.7943141460418701
566.6244506835938,118.21007537841797,6.41986083984375,434.82269287109375,0.788009762763977
45.533973693847656,203.61024475097656,14.701164245605469,49.40065002441406,0.7818965315818787
634.61572265625,74.51140594482422,5.8775634765625,427.4332580566406,0.7806103229522705
424.2813415527344,185.39573669433594,15.26055908203125,32.486602783203125,0.7661095857620239
627.9144897460938,77.68228149414062,14.34991455078125,370.6147766113281,0.7598592638969421
