470.01611328125,185.12583923339844,16.282958984375,38.05732727050781,0.9533576369285583
465.9669189453125,187.90928649902344,17.01666259765625,38.5203857421875,0.8899943828582764
546.7535400390625,115.42921447753906,5.9803466796875,421.65374755859375,0.8414896130561829
249.64598083496094,188.96524047851562,21.885665893554688,50.307373046875,0.8269046545028687
498.005615234375,182.24024963378906,18.7811279296875,41.00035095214844,0.8261200189590454
260.2841796875,188.49972534179688,22.683319091796875,54.696044921875,0.825087308883667
633.2972412109375,69.74018096923828,4.8719482421875,429.3179626464844,0.8159703612327576
570.4259033203125,106.36524963378906,7.9598388671875,394.8070068359375,0.8037194013595581
188.7269287109375,140.36976623535156,10.247100830078125,348.8216552734375,0.802680253982544
628.9369506835938,96.0007095336914,8.97344970703125,375.84332275390625,0.7921313643455505
