439.77679443359375,179.2107696533203,15.8770751953125,34.636627197265625,0.9943125247955322
521.4860229492188,178.4961700439453,19.03314208984375,44.06965637207031,0.8592340350151062
527.04150390625,177.21205139160156,19.91693115234375,45.28038024902344,0.8548399806022644
464.8789978027344,179.19692993164062,17.068634033203125,34.54905700683594,0.8454465866088867
426.5633544921875,182.59698486328125,13.351959228515625,31.453277587890625,0.8230810165405273
586.81640625,102.42803955078125,7.0701904296875,408.64337158203125,0.8160456418991089
488.1792907714844,116.0999526977539,8.051910400390625,411.9326477050781,0.8083176016807556
635.1138916015625,80.87794494628906,5.72528076171875,426.63775634765625,0.804905354976654
626.3148193359375,90.41612243652344,7.694091796875,405.69012451171875,0.8003404140472412
396.33154296875,181.26043701171875,16.7061767578125,32.128570556640625,0.7979574799537659
