460.8563232421875,176.02276611328125,14.176177978515625,35.432159423828125,0.9934297204017639
494.7325134277344,168.7514190673828,14.858856201171875,38.30108642578125,0.9656981229782104
465.5131530761719,177.7471160888672,15.3765869140625,38.80442810058594,0.8975754976272583
541.1036376953125,170.52256774902344,18.70172119140625,47.493865966796875,0.8660849928855896
564.6373291015625,172.64280700683594,23.58966064453125,59.29896545410156,0.8446258902549744
466.659423828125,115.46076965332031,8.441619873046875,408.7078857421875,0.823347270488739
596.3500366210938,95.09403991699219,6.6260986328125,419.39141845703125,0.8151369690895081
632.2672119140625,69.96224212646484,5.51531982421875,432.06744384765625,0.8131515383720398
554.7188720703125,32.76267623901367,29.1375732421875,242.3704071044922,0.8056838512420654
631.1307373046875,-53.07080078125,17.2972412109375,382.5194091796875,0.8021048307418823
