488.32794189453125,168.68719482421875,15.754150390625,43.301666259765625,0.8892357349395752
459.826904296875,176.86180114746094,13.94970703125,32.91654968261719,0.8711864352226257
628.2239379882812,4.156451225280762,22.18072509765625,332.4341735839844,0.8618531227111816
567.8746337890625,109.15873718261719,5.7161865234375,436.6180419921875,0.8510822653770447
629.6759033203125,67.99765014648438,5.76123046875,412.62701416015625,0.8377077579498291
632.5291137695312,73.08224487304688,4.63165283203125,443.1177062988281,0.8303436040878296
615.6726684570312,114.24839782714844,12.34722900390625,223.0682830810547,0.8197915554046631
61.197113037109375,183.3305206298828,24.313751220703125,86.00233459472656,0.8182570934295654
531.1754760742188,165.9800262451172,20.02984619140625,55.038238525390625,0.8180820941925049
494.5806884765625,176.3192138671875,18.917236328125,45.078216552734375,0.8140896558761597
