436.0890197753906,118.35293579101562,9.064422607421875,395.6242370605469,0.829095721244812
209.76669311523438,175.81741333007812,29.1822509765625,79.85629272460938,0.8215124011039734
583.575439453125,168.84426879882812,7.62890625,422.9887390136719,0.8160694241523743
158.5030059814453,151.4329071044922,26.831985473632812,146.7549285888672,0.803197979927063
636.4049072265625,55.232521057128906,6.29925537109375,428.84100341796875,0.7964529991149902
583.4862670898438,95.18096923828125,7.01519775390625,407.8733825683594,0.792945146560669
115.55992889404297,123.58806610107422,16.167274475097656,296.860595703125,0.7918997406959534
635.5320434570312,80.42604064941406,5.21087646484375,441.8095703125,0.7892878651618958
615.6948852539062,113.77561950683594,22.84344482421875,255.9190216064453,0.7855939865112305
156.76942443847656,130.79864501953125,11.36669921875,350.4847412109375,0.7801792025566101
