471.3586730957031,172.61483764648438,28.58612060546875,71.97198486328125,0.978367269039154
629.7357177734375,66.07581329345703,6.49322509765625,428.5711364746094,0.8046864867210388
628.21240234375,175.9991455078125,16.029296875,126.07366943359375,0.8045388460159302
613.1450805664062,87.922607421875,5.5738525390625,437.35321044921875,0.8031705021858215
519.10400390625,115.8372802734375,7.4420166015625,419.1932373046875,0.7993720769882202
599.1613159179688,179.28260803222656,7.99517822265625,431.05633544921875,0.7991850972175598
636.6428833007812,105.95087432861328,5.46673583984375,428.9696044921875,0.7867072224617004
636.2986450195312,83.40292358398438,4.16375732421875,457.4794616699219,0.7854520082473755
214.89022827148438,135.93199157714844,9.678085327148438,355.38836669921875,0.7838850617408752
637.53271484375,75.0630111694336,3.6412353515625,459.6922912597656,0.7668194770812988
