441.907958984375,180.89706420898438,26.88134765625,65.99900817871094,0.9944122433662415
471.939453125,176.38755798339844,29.321685791015625,73.38243103027344,0.9849013686180115
551.4112548828125,116.49351501464844,7.0963134765625,434.377197265625,0.8113769292831421
456.520263671875,182.74790954589844,25.106048583984375,62.19215393066406,0.8040434122085571
225.22796630859375,139.51806640625,9.622222900390625,356.3649597167969,0.7974211573600769
612.7886352539062,92.6539306640625,5.7667236328125,435.5609130859375,0.7882552146911621
632.2498779296875,70.1136474609375,6.2862548828125,444.3060302734375,0.784957766532898
636.747314453125,84.88964080810547,3.9681396484375,460.6087646484375,0.7757114768028259
631.2440185546875,71.46223449707031,5.85003662109375,425.06182861328125,0.7736873030662537
631.2438354492188,161.29017639160156,12.673095703125,154.56224060058594,0.7668768167495728
