552.9237670898438,157.9465789794922,49.58001708984375,161.91651916503906,0.8857609629631042
509.0716247558594,165.52914428710938,45.356903076171875,115.80715942382812,0.8461107611656189
517.3675537109375,120.77523803710938,8.03582763671875,419.7453308105469,0.837552547454834
393.1316833496094,187.3509979248047,25.79718017578125,65.3690185546875,0.8333897590637207
395.63739013671875,177.8792724609375,38.89215087890625,99.7462158203125,0.8095139265060425
175.55392456054688,140.8164520263672,10.618988037109375,349.77191162109375,0.803483247756958
530.1635131835938,95.47410583496094,8.203857421875,407.751953125,0.7853959798812866
619.52734375,114.97529602050781,13.0352783203125,327.8228759765625,0.7757865786552429
580.5206909179688,108.18167114257812,9.32916259765625,416.9013977050781,0.7745054960250854
580.9054565429688,189.78143310546875,9.68841552734375,412.438232421875,0.7735458612442017
