531.919189453125,143.44161987304688,60.1409912109375,169.632080078125,0.997042715549469
405.1106262207031,155.65625,58.181854248046875,146.19705200195312,0.9954942464828491
625.9349975585938,137.51080322265625,15.1343994140625,172.38031005859375,0.8749598860740662
379.6676940917969,184.0409393310547,39.05023193359375,100.21363830566406,0.8511061668395996
557.9152221679688,171.60438537597656,19.20343017578125,220.0780792236328,0.8441789746284485
496.00848388671875,167.1890869140625,44.99713134765625,118.02960205078125,0.8402347564697266
633.7556762695312,161.89300537109375,8.8135986328125,446.576904296875,0.8242700695991516
388.2626037597656,184.69374084472656,33.67926025390625,86.98768615722656,0.8218878507614136
635.726806640625,86.58071899414062,4.9442138671875,458.9817810058594,0.8204290270805359
626.3994140625,152.09829711914062,16.5050048828125,415.9250793457031,0.8104161024093628
