541.447509765625,177.40078735351562,26.984130859375,76.5184326171875,0.9970613121986389
312.0245666503906,193.55795288085938,14.991455078125,26.190216064453125,0.9601309299468994
304.8549499511719,194.8192901611328,13.2835693359375,26.162078857421875,0.9440722465515137
601.804443359375,178.6861572265625,15.87322998046875,99.39376831054688,0.8646156191825867
537.9339599609375,183.5755157470703,20.89453125,60.80116271972656,0.8171596527099609
539.608642578125,186.59596252441406,10.551513671875,402.71490478515625,0.8171324133872986
602.5927124023438,95.51628112792969,7.0423583984375,426.95562744140625,0.8097530007362366
486.2005920410156,121.48094940185547,8.38037109375,409.6861572265625,0.8065939545631409
57.92182922363281,187.66986083984375,25.369369506835938,72.09854125976562,0.7778671979904175
629.4091186523438,86.7564468383789,6.7999267578125,412.0975341796875,0.7765151858329773
