525.2396240234375,179.2598876953125,28.5479736328125,81.72409057617188,0.9891489148139954
582.0194091796875,184.27447509765625,31.5643310546875,97.5419921875,0.8307785987854004
611.2400512695312,88.9969711303711,7.22210693359375,440.9051818847656,0.816536545753479
631.1310424804688,-48.242740631103516,17.14654541015625,402.30096435546875,0.8150256276130676
492.2127685546875,118.07881164550781,8.7147216796875,418.52020263671875,0.8050220012664795
617.3560180664062,98.78694152832031,9.73651123046875,369.735107421875,0.8024832010269165
554.6251831054688,185.8108673095703,34.87762451171875,89.79631042480469,0.7917505502700806
161.2051239013672,135.42518615722656,10.885086059570312,352.669677734375,0.7903878688812256
502.76995849609375,91.97052764892578,8.96148681640625,401.7042541503906,0.7809451222419739
514.9274291992188,178.8711395263672,23.5406494140625,72.25772094726562,0.7782042026519775
