205.4002227783203,189.29669189453125,14.821884155273438,31.055206298828125,0.8903360962867737
114.28359985351562,182.60536193847656,18.871368408203125,38.40997314453125,0.8508020043373108
581.5384521484375,167.39056396484375,25.6405029296875,73.78964233398438,0.8441452980041504
634.2171630859375,100.13375854492188,7.63092041015625,399.7197265625,0.8326388001441956
299.3912353515625,184.40280151367188,17.333526611328125,27.301513671875,0.8267292976379395
628.3740844726562,79.05030822753906,7.839111328125,411.2330322265625,0.8159596920013428
599.3591918945312,166.34994506835938,24.2025146484375,77.53031921386719,0.8101218342781067
454.2142028808594,179.11669921875,22.56011962890625,60.438690185546875,0.809272289276123
603.4952392578125,99.61624145507812,15.8359375,306.5619201660156,0.8078024387359619
492.7926330566406,180.0709991455078,27.630706787109375,68.50520324707031,0.8073508739471436
