160.7618865966797,190.9622039794922,20.357894897460938,39.35858154296875,0.9930110573768616
422.7455139160156,178.01416015625,17.201690673828125,48.37040710449219,0.987105131149292
405.3193359375,185.90872192382812,14.67626953125,39.026153564453125,0.8664367198944092
530.8309936523438,161.49850463867188,22.58697509765625,125.51828002929688,0.8295674920082092
526.5099487304688,117.84780883789062,7.78472900390625,426.6662292480469,0.8243079781532288
626.287353515625,147.15023803710938,14.38433837890625,146.2088623046875,0.8188164830207825
573.2257690429688,191.56561279296875,9.692626953125,407.6302490234375,0.8162292838096619
192.3867645263672,134.62648010253906,11.016769409179688,358.8787841796875,0.8119904398918152
615.9198608398438,85.23332214355469,6.26751708984375,445.68951416015625,0.8028066158294678
636.303466796875,57.89207077026367,6.5946044921875,422.88482666015625,0.8003287315368652
