134.62965393066406,188.87454223632812,28.623214721679688,51.87321472167969,0.9965648055076599
520.5916137695312,120.7977523803711,8.53485107421875,426.7023620605469,0.8334750533103943
615.5789794921875,88.26085662841797,5.8883056640625,441.7222900390625,0.8058997392654419
575.8492431640625,20.128253936767578,43.44879150390625,270.5413513183594,0.804402768611908
529.7807006835938,209.9971160888672,12.71087646484375,379.10601806640625,0.7989099025726318
346.7329406738281,125.14789581298828,10.460113525390625,399.82958984375,0.7957097887992859
487.2723693847656,160.30691528320312,23.3095703125,200.72177124023438,0.7920017242431641
124.93508911132812,185.663330078125,25.035675048828125,51.77946472167969,0.789328396320343
275.347900390625,113.1988754272461,15.595672607421875,370.4991149902344,0.7821986675262451
544.5403442382812,118.43792724609375,20.46868896484375,295.3526306152344,0.7811373472213745
