122.58238220214844,193.8746795654297,24.376205444335938,41.12791442871094,0.9958937168121338
554.0870361328125,169.35968017578125,27.58477783203125,78.81071472167969,0.851210355758667
397.03729248046875,184.6886444091797,23.9700927734375,61.15179443359375,0.8486412167549133
465.05584716796875,184.84046936035156,19.34686279296875,48.87181091308594,0.8426332473754883
311.39837646484375,148.5347137451172,31.7958984375,292.560791015625,0.8402845859527588
546.38427734375,114.89582061767578,7.2860107421875,430.818115234375,0.8347014784812927
636.306884765625,107.5929183959961,5.953369140625,430.6698913574219,0.8223371505737305
615.9698486328125,120.63287353515625,19.47412109375,271.34735107421875,0.821010410785675
496.9259033203125,207.25746154785156,10.9254150390625,362.302734375,0.8170130252838135
587.13671875,179.2114715576172,27.3763427734375,82.34254455566406,0.8107589483261108
