475.297119140625,160.86495971679688,23.709259033203125,62.2518310546875,0.9896366000175476
553.4198608398438,151.36790466308594,21.04156494140625,70.66639709472656,0.9785507917404175
280.7861022949219,151.58421325683594,47.431304931640625,107.01014709472656,0.9157822132110596
629.3828125,7.3232316970825195,19.1873779296875,314.39666748046875,0.8499623537063599
556.923583984375,110.9398422241211,6.51910400390625,435.5279846191406,0.8370274305343628
635.2454833984375,65.691162109375,6.19793701171875,450.572021484375,0.8327127695083618
228.83743286132812,177.46432495117188,14.40167236328125,26.646713256835938,0.8273279070854187
636.9775390625,93.71630859375,4.8306884765625,426.61431884765625,0.8194093108177185
599.7948608398438,90.74968719482422,6.54718017578125,424.7144775390625,0.8087916970252991
636.6851196289062,74.00928497314453,4.04058837890625,457.67584228515625,0.8061489462852478
