466.41717529296875,166.72386169433594,49.22100830078125,116.82286071777344,0.9931436777114868
597.6389770507812,157.62911987304688,27.77435302734375,82.28768920898438,0.9792487621307373
614.206787109375,97.82957458496094,8.66522216796875,354.7406005859375,0.8413978815078735
485.7138671875,186.4228515625,26.35693359375,59.26921081542969,0.8279905319213867
624.9357299804688,-4.923419952392578,28.08502197265625,336.15887451171875,0.8277990221977234
561.0431518554688,197.3646240234375,8.57855224609375,395.92041015625,0.8110107183456421
554.4480590820312,113.08605194091797,6.50946044921875,433.6326904296875,0.8016422986984253
620.7228393554688,118.1645278930664,20.35906982421875,340.0558166503906,0.7926630973815918
591.750244140625,164.9032745361328,26.49200439453125,71.43043518066406,0.7924371957778931
519.1715698242188,171.70082092285156,24.1162109375,59.26579284667969,0.7916339635848999
