585.9080200195312,160.9668731689453,28.18280029296875,88.62608337402344,0.9946210384368896
543.3251953125,120.59981536865234,7.091064453125,425.5715026855469,0.8396733403205872
181.87216186523438,141.56182861328125,9.99072265625,345.57177734375,0.8321914672851562
123.7802734375,196.72813415527344,12.303558349609375,25.657012939453125,0.83161461353302
594.2372436523438,98.75577545166016,7.68865966796875,426.7464294433594,0.8133177161216736
627.7161865234375,164.8321990966797,11.3966064453125,96.52726745605469,0.7978719472885132
115.03691101074219,193.41329956054688,13.52960205078125,28.029129028320312,0.7929131388664246
566.2568359375,215.29391479492188,11.920166015625,380.7380065917969,0.773332417011261
635.97607421875,59.29977798461914,7.0162353515625,421.4532470703125,0.7636151313781738
631.899169921875,91.97114562988281,6.05596923828125,433.43756103515625,0.7556854486465454
