593.3397827148438,105.39778137207031,7.02276611328125,413.87255859375,0.8349381685256958
579.0460205078125,186.16717529296875,8.49267578125,420.76654052734375,0.824699878692627
523.428955078125,125.42401123046875,7.99810791015625,418.34100341796875,0.8173764944076538
192.96426391601562,140.109130859375,9.984329223632812,350.26849365234375,0.8151475787162781
103.60028076171875,194.8826446533203,12.139167785644531,26.518783569335938,0.8131004571914673
154.84109497070312,191.01101684570312,16.01824951171875,27.047576904296875,0.80535489320755
634.2843017578125,95.4783706665039,5.72412109375,447.4772033691406,0.8020120859146118
573.5489501953125,89.1076889038086,6.8533935546875,432.6332702636719,0.780700147151947
635.8531494140625,83.1412582397461,5.50848388671875,434.9609680175781,0.7754220366477966
99.9478530883789,195.2349395751953,11.888771057128906,26.02325439453125,0.7708507776260376
