625.9766235351562,164.63623046875,13.14923095703125,117.53228759765625,0.8089544177055359
563.51953125,118.3968276977539,7.227294921875,439.9275817871094,0.8024909496307373
250.42965698242188,127.81391143798828,13.298095703125,385.0980224609375,0.7956769466400146
498.637939453125,112.00238037109375,13.8541259765625,388.51275634765625,0.7870374321937561
201.38465881347656,128.7561492919922,19.082183837890625,336.18988037109375,0.7855395078659058
509.59735107421875,241.90220642089844,15.52020263671875,338.162841796875,0.7839773893356323
543.079345703125,91.72077941894531,8.935302734375,415.239990234375,0.7778095006942749
585.5672607421875,127.33306121826172,22.76513671875,220.884033203125,0.7692975997924805
139.33770751953125,189.80638122558594,15.640090942382812,28.997207641601562,0.754630446434021
571.8186645507812,178.5281219482422,31.69683837890625,85.40666198730469,0.7543262243270874
