97.7147216796875,190.9091339111328,17.657241821289062,31.492630004882812,0.9610620737075806
163.5419464111328,143.72654724121094,10.74554443359375,347.22967529296875,0.8177803158760071
462.81658935546875,110.65193939208984,13.503021240234375,395.3573913574219,0.8132886290550232
452.92498779296875,147.34405517578125,15.294342041015625,324.82196044921875,0.807508111000061
451.89508056640625,199.36160278320312,18.907073974609375,38.206787109375,0.8065199851989746
512.7523193359375,198.03561401367188,19.3653564453125,46.84617614746094,0.8019369840621948
627.3843994140625,-49.40143966674805,24.66912841796875,371.42633056640625,0.7965766191482544
361.57391357421875,160.7548065185547,14.493011474609375,353.23736572265625,0.7962961196899414
141.65711975097656,142.57679748535156,16.086395263671875,291.4183349609375,0.796110212802887
636.7070922851562,87.93973541259766,4.0732421875,459.8935852050781,0.7948796153068542
