130.4765625,191.67481994628906,12.922439575195312,27.625213623046875,0.9375045895576477
228.20008850097656,133.54580688476562,14.3377685546875,325.0590515136719,0.8510549664497375
565.335205078125,127.40113830566406,6.583740234375,425.55377197265625,0.8392075896263123
282.4270935058594,137.1147003173828,10.22265625,381.2218017578125,0.8228076696395874
636.0171508789062,77.06980895996094,6.75775146484375,400.4947509765625,0.820573091506958
618.1817626953125,90.34188079833984,5.7825927734375,442.9382629394531,0.8144904971122742
584.8900756835938,207.8014678955078,11.882568359375,396.99188232421875,0.8039374351501465
555.6311645507812,48.260887145996094,55.82476806640625,237.6436767578125,0.7913419008255005
610.5140380859375,87.28860473632812,15.543212890625,348.5270080566406,0.791090726852417
519.8707275390625,-1.9162988662719727,21.73150634765625,290.45703125,0.7893836498260498
