137.0472412109375,182.50743103027344,21.744354248046875,48.577423095703125,0.9120071530342102
174.18527221679688,144.372314453125,11.082000732421875,338.58282470703125,0.8634792566299438
462.6422119140625,122.66979217529297,12.529449462890625,337.3703308105469,0.838365912437439
22.882108688354492,185.2285614013672,18.411909103393555,45.93121337890625,0.8366814255714417
495.2006530761719,120.84637451171875,8.323272705078125,410.24188232421875,0.8347748517990112
465.94403076171875,162.9329376220703,23.73138427734375,57.59136962890625,0.8330422639846802
620.8733520507812,91.06436157226562,8.72930908203125,412.4992370605469,0.8137913346290588
56.779541015625,139.1394500732422,23.164588928222656,261.28497314453125,0.8132347464561462
553.3948974609375,198.86599731445312,10.41998291015625,391.7071228027344,0.8052213191986084
501.6430358886719,70.46766662597656,39.504913330078125,203.6860809326172,0.8048532009124756
