106.90250396728516,185.82252502441406,22.615150451660156,45.414276123046875,0.9102694392204285
119.4729995727539,186.0839385986328,23.167503356933594,44.02473449707031,0.9038209319114685
91.90447998046875,185.20379638671875,22.442337036132812,47.925201416015625,0.9025208353996277
83.39026641845703,185.73992919921875,22.424964904785156,49.78025817871094,0.8732867240905762
628.6766357421875,92.36544799804688,7.29046630859375,421.0373229980469,0.8470106720924377
558.6414184570312,112.49710845947266,9.07318115234375,388.1825866699219,0.8411999344825745
478.79132080078125,205.93865966796875,11.718353271484375,364.9146728515625,0.8297955393791199
370.32049560546875,123.94261932373047,10.546142578125,383.02423095703125,0.824730634689331
130.6422119140625,185.9743194580078,22.292068481445312,43.493438720703125,0.8186735510826111
70.95050048828125,185.45535278320312,21.77978515625,48.339080810546875,0.8168683648109436
