212.28842163085938,186.0599822998047,19.342727661132812,36.78504943847656,0.9127964973449707
190.03146362304688,184.87454223632812,16.908462524414062,35.27494812011719,0.8758962154388428
505.47442626953125,181.83074951171875,21.78533935546875,48.39515686035156,0.8670818209648132
596.2915649414062,92.57579040527344,7.0439453125,427.21826171875,0.819221019744873
466.68121337890625,114.92318725585938,8.895416259765625,410.8501281738281,0.8168326020240784
476.9151306152344,154.867431640625,15.60028076171875,143.42559814453125,0.8146401047706604
174.811279296875,131.69436645507812,11.091766357421875,360.9503173828125,0.8052226901054382
112.37448120117188,176.36746215820312,29.67169189453125,104.299072265625,0.7998756766319275
635.5118408203125,85.26427459716797,4.6385498046875,448.34869384765625,0.7969779968261719
541.3360595703125,187.90780639648438,9.1925048828125,400.7542419433594,0.7939473390579224
