208.0921630859375,177.53439331054688,19.98321533203125,37.93379211425781,0.9253101348876953
177.26321411132812,180.16107177734375,18.636978149414062,37.4720458984375,0.9005488753318787
505.87493896484375,181.88052368164062,21.82220458984375,48.88787841796875,0.8674888610839844
201.08717346191406,181.61587524414062,20.023574829101562,38.62767028808594,0.819403350353241
234.17784118652344,174.93710327148438,22.984512329101562,39.770172119140625,0.8174047470092773
463.09906005859375,116.84693908691406,8.682708740234375,407.951904296875,0.815788209438324
148.0313720703125,184.2275390625,21.165542602539062,38.51911926269531,0.815094530582428
567.3434448242188,175.0625762939453,8.00958251953125,416.786865234375,0.8062157034873962
584.6044311523438,96.51560974121094,7.33245849609375,414.2318115234375,0.8059853315353394
159.99073791503906,130.88522338867188,11.398544311523438,357.14056396484375,0.7978185415267944
