624.8377075195312,75.36815643310547,8.2445068359375,420.17010498046875,0.8514103293418884
389.39324951171875,127.93873596191406,17.836669921875,331.49749755859375,0.8338502049446106
473.9808654785156,187.20123291015625,13.712615966796875,388.2509765625,0.8292085528373718
456.4418029785156,115.42304992675781,9.786834716796875,415.94390869140625,0.8207625150680542
199.0850830078125,136.14056396484375,13.495559692382812,364.6110534667969,0.8165318369865417
234.10231018066406,189.05856323242188,16.558868408203125,32.875518798828125,0.8158058524131775
468.03411865234375,85.67030334472656,10.22845458984375,400.0400390625,0.8150940537452698
303.356201171875,118.16618347167969,21.2967529296875,273.3304443359375,0.8138417601585388
633.1837768554688,87.2267074584961,6.146240234375,444.6980895996094,0.8083024621009827
186.59613037109375,114.41937255859375,18.770248413085938,346.2005310058594,0.8008827567100525
