219.17855834960938,175.1034698486328,39.54547119140625,75.85917663574219,0.9966059923171997
23.36429214477539,173.31332397460938,33.34910202026367,79.40374755859375,0.9945616126060486
625.8017578125,71.19635772705078,7.25927734375,408.7046203613281,0.8730995655059814
550.8112182617188,179.0146484375,8.3958740234375,408.94940185546875,0.8676214814186096
584.3328247070312,113.23358154296875,15.00079345703125,272.43798828125,0.8315666317939758
636.388916015625,59.13339614868164,6.40966796875,426.3259582519531,0.8269553780555725
121.24488067626953,180.6964874267578,28.827354431152344,136.29176330566406,0.8164947032928467
630.4661865234375,96.53199005126953,8.0882568359375,416.45733642578125,0.8151891231536865
542.9445190429688,108.33495330810547,8.2623291015625,437.0394287109375,0.8077172636985779
92.33914184570312,134.35145568847656,12.692817687988281,330.01983642578125,0.8004644513130188
