352.61749267578125,171.28536987304688,39.08416748046875,77.51275634765625,0.9963661432266235
554.713623046875,169.8716278076172,27.43408203125,71.85102844238281,0.9954463839530945
569.7066650390625,106.81411743164062,8.427490234375,396.8227844238281,0.8322598934173584
623.6951293945312,72.6442642211914,7.5450439453125,406.3319396972656,0.830338716506958
567.2734375,113.9579086303711,6.0364990234375,434.3226013183594,0.8103294372558594
579.8939208984375,182.3910675048828,8.2923583984375,418.73858642578125,0.802745521068573
72.79497528076172,189.0566864013672,24.442794799804688,53.86009216308594,0.7970261573791504
79.03740692138672,188.8204803466797,24.32756805419922,52.11381530761719,0.7947938442230225
634.6873779296875,83.94697570800781,4.65924072265625,440.52301025390625,0.7944580912590027
607.9293823242188,98.96023559570312,8.725830078125,382.5626220703125,0.7870815992355347
