597.573974609375,174.1827392578125,31.3516845703125,74.28134155273438,0.9785597920417786
594.5521240234375,176.1727294921875,26.186767578125,63.41766357421875,0.8485308885574341
573.0439453125,175.162353515625,8.37872314453125,417.11102294921875,0.8012349009513855
590.6621704101562,178.76016235351562,25.6165771484375,64.6470947265625,0.7987597584724426
635.3630981445312,86.0931167602539,4.69549560546875,449.1974182128906,0.7794723510742188
444.0695495605469,119.54034423828125,10.578094482421875,409.09722900390625,0.7774271965026855
568.33935546875,107.3082275390625,10.22894287109375,404.6004638671875,0.7758570313453674
201.29112243652344,179.17449951171875,21.660003662109375,47.48725891113281,0.7664599418640137
638.0587158203125,109.3594970703125,3.603271484375,458.452880859375,0.765423595905304
154.62518310546875,130.05482482910156,12.15625,360.7113037109375,0.7625265717506409
