596.35546875,174.37451171875,32.3575439453125,73.17626953125,0.9813775420188904
594.146728515625,175.86312866210938,26.85028076171875,63.316680908203125,0.8604801893234253
585.1967163085938,169.0362091064453,7.19329833984375,425.87506103515625,0.8398351073265076
627.8046875,70.99276733398438,6.8277587890625,416.3392333984375,0.8029906749725342
590.79052734375,179.89511108398438,25.22076416015625,62.514678955078125,0.7914568781852722
637.342529296875,97.63981628417969,3.72100830078125,456.11334228515625,0.7857446074485779
445.98486328125,113.64851379394531,10.014892578125,411.58154296875,0.7830747961997986
569.4051513671875,106.87387084960938,10.2825927734375,405.3960876464844,0.7745557427406311
141.93304443359375,130.54722595214844,12.453369140625,358.25604248046875,0.7624202370643616
636.0742797851562,87.53533935546875,4.3038330078125,453.77130126953125,0.7622559666633606
