602.7088012695312,170.62994384765625,22.89593505859375,55.05595397949219,0.8685023784637451
629.13134765625,71.48931121826172,6.84210205078125,428.4378662109375,0.836456298828125
597.297119140625,98.91486358642578,7.4549560546875,423.00689697265625,0.8095781207084656
598.0263671875,175.925537109375,22.48822021484375,53.585357666015625,0.8070017695426941
515.65576171875,179.5777130126953,22.5740966796875,44.67784118652344,0.8046151995658875
469.1075134277344,116.68523406982422,9.350982666015625,415.1129150390625,0.7932518124580383
635.1439819335938,86.21200561523438,4.88165283203125,450.0285339355469,0.7927080392837524
171.12388610839844,184.6124267578125,19.615631103515625,38.73590087890625,0.7889942526817322
569.2051391601562,176.67291259765625,9.26708984375,417.70074462890625,0.7884529232978821
637.6280517578125,93.84209442138672,3.46240234375,457.6964111328125,0.7808787822723389
