598.8982543945312,174.29562377929688,31.4979248046875,75.92228698730469,0.9812906384468079
595.376708984375,177.31309509277344,25.8804931640625,63.11302185058594,0.8450522422790527
568.8865966796875,174.45033264160156,8.24969482421875,417.92950439453125,0.8361863493919373
630.1265258789062,68.9990463256836,6.01434326171875,424.16748046875,0.8059542775154114
558.6680908203125,106.974365234375,11.22503662109375,401.6468505859375,0.8004105687141418
420.95172119140625,113.24919128417969,10.407958984375,408.393798828125,0.7920944094657898
589.8059692382812,181.22149658203125,24.6109619140625,62.379852294921875,0.7812203764915466
163.5849609375,132.8611297607422,11.561309814453125,357.43707275390625,0.7753704190254211
74.00096130371094,187.73190307617188,23.856590270996094,49.14988708496094,0.7720653414726257
636.191650390625,88.46228790283203,4.27374267578125,455.5986328125,0.7685432434082031
