599.268310546875,173.6981964111328,30.558349609375,76.42942810058594,0.9798015356063843
595.6824951171875,177.10183715820312,25.61016845703125,63.52928161621094,0.8502659201622009
586.8687744140625,167.97877502441406,7.0426025390625,428.79583740234375,0.8346565365791321
627.8577270507812,72.75182342529297,6.45062255859375,414.29107666015625,0.8072684407234192
433.7095642089844,115.78077697753906,10.251861572265625,408.457763671875,0.7831271290779114
635.48046875,88.88021087646484,4.531494140625,449.0638122558594,0.7821025848388672
589.220703125,180.81239318847656,25.0516357421875,62.80158996582031,0.7808529734611511
567.4046020507812,107.34690856933594,10.224365234375,405.02423095703125,0.774034857749939
157.85691833496094,129.939208984375,11.857666015625,360.5018615722656,0.7594296932220459
578.0069580078125,177.60008239746094,36.2757568359375,74.92782592773438,0.7531556487083435
