548.3075561523438,104.27059936523438,8.8802490234375,390.49835205078125,0.8447121381759644
423.3558349609375,119.01103210449219,8.656982421875,393.51202392578125,0.8382447957992554
27.649940490722656,183.1361541748047,25.67859649658203,53.38883972167969,0.8315989375114441
627.8203125,68.92771911621094,6.9404296875,418.62579345703125,0.8171538710594177
39.52310562133789,180.01675415039062,24.734600067138672,53.47715759277344,0.8151289224624634
565.6908569335938,176.8289794921875,7.9803466796875,411.027099609375,0.8147556781768799
43.49380874633789,181.8946075439453,26.239421844482422,52.653411865234375,0.8044643998146057
83.13284301757812,136.5102081298828,13.488006591796875,326.10369873046875,0.8033959865570068
573.5579833984375,183.03009033203125,23.8214111328125,58.3486328125,0.8026977181434631
629.521240234375,167.7376708984375,9.6527099609375,92.35641479492188,0.8014799356460571
