592.4832763671875,92.95713806152344,7.2869873046875,421.01763916015625,0.8278548121452332
536.604736328125,107.03840637207031,6.7010498046875,428.57879638671875,0.8200852870941162
60.38174057006836,173.32130432128906,27.980533599853516,68.43611145019531,0.8163033723831177
82.01407623291016,174.90110778808594,27.511917114257812,41.37666320800781,0.7979260087013245
132.30593872070312,175.435302734375,25.408889770507812,41.09757995605469,0.790881872177124
38.28776931762695,162.51058959960938,26.54660415649414,94.84597778320312,0.7851177453994751
29.649782180786133,166.32911682128906,26.893598556518555,64.36918640136719,0.783947765827179
237.90835571289062,133.15431213378906,9.4417724609375,364.1014404296875,0.7835789918899536
25.814781188964844,174.44873046875,24.32782745361328,53.69476318359375,0.7778224349021912
111.38265991210938,172.22401428222656,27.2703857421875,36.602752685546875,0.7773340344429016
