568.9197387695312,110.37339782714844,5.38916015625,433.66650390625,0.8434616327285767
631.252197265625,-30.183134078979492,16.684814453125,357.4067077636719,0.8411080837249756
563.4880981445312,171.41156005859375,14.55963134765625,50.48231506347656,0.8208936452865601
593.4325561523438,91.48101043701172,6.54962158203125,420.3469543457031,0.8128575086593628
145.3861846923828,109.66464233398438,14.733596801757812,329.3246765136719,0.7735912203788757
584.0968017578125,182.96664428710938,7.8948974609375,423.9314270019531,0.7731959819793701
167.95538330078125,130.116455078125,10.5357666015625,354.2789306640625,0.7670469284057617
637.3856201171875,79.86676025390625,3.35162353515625,458.9842529296875,0.7669723033905029
572.295654296875,77.69236755371094,6.0784912109375,427.11602783203125,0.7648417949676514
307.5922546386719,170.88601684570312,24.010498046875,67.90322875976562,0.7579825520515442
