504.91729736328125,186.5596466064453,20.52081298828125,64.45718383789062,0.9049555063247681
630.026123046875,128.1593475341797,8.20782470703125,331.34112548828125,0.8639109134674072
570.0577392578125,113.79707336425781,5.79278564453125,436.535400390625,0.838157057762146
632.7760009765625,-72.67930603027344,14.05810546875,408.44244384765625,0.8261697292327881
531.511474609375,206.21978759765625,9.74395751953125,386.7269287109375,0.8109387159347534
175.69810485839844,137.75601196289062,10.68310546875,352.2114562988281,0.7941771149635315
611.073974609375,93.17184448242188,6.40838623046875,439.8729553222656,0.7860852479934692
633.4502563476562,137.52627563476562,10.4312744140625,206.50216674804688,0.7819048166275024
636.9797973632812,89.24406433105469,3.80047607421875,457.88751220703125,0.7638853788375854
495.98577880859375,188.37191772460938,17.49169921875,55.349365234375,0.7637076377868652
