459.80780029296875,123.82350158691406,8.66943359375,397.65838623046875,0.8213552832603455
634.7492065429688,62.320289611816406,4.79278564453125,445.24945068359375,0.8038932681083679
121.51116943359375,139.8316650390625,12.026153564453125,339.19024658203125,0.800026535987854
631.7308349609375,82.79251098632812,6.01690673828125,425.8145751953125,0.799126386642456
599.9658203125,101.46989440917969,6.9986572265625,424.506591796875,0.7882760763168335
151.24581909179688,130.5036163330078,14.890365600585938,309.16864013671875,0.7844308018684387
567.3724365234375,190.18133544921875,9.14739990234375,405.1314697265625,0.7689067125320435
53.57225799560547,189.92042541503906,23.58454132080078,60.76457214355469,0.7575305104255676
597.8817749023438,98.37867736816406,14.8055419921875,289.07720947265625,0.7520683407783508
531.3074340820312,97.9793472290039,8.41107177734375,406.7189025878906,0.7520118355751038
