534.9561767578125,105.61228942871094,10.04071044921875,380.77362060546875,0.8442177772521973
542.22802734375,192.5674591064453,12.64111328125,394.13995361328125,0.8184150457382202
134.16152954101562,143.5586700439453,11.75946044921875,321.3515625,0.8149228692054749
426.6397399902344,120.65843200683594,9.813995361328125,387.92852783203125,0.802634596824646
581.7955322265625,171.28297424316406,24.37725830078125,57.08741760253906,0.7940848469734192
504.603515625,168.6839141845703,19.85504150390625,44.409820556640625,0.7913797497749329
35.71276092529297,186.9615936279297,21.69556427001953,50.02424621582031,0.7912160754203796
195.1495361328125,190.5126495361328,19.706756591796875,45.07698059082031,0.7862341403961182
189.42959594726562,185.1829376220703,18.08135986328125,43.55790710449219,0.7861528396606445
620.8218383789062,172.5716552734375,16.454833984375,68.16105651855469,0.7847499847412109
