144.9435577392578,178.044921875,30.341018676757812,71.67311096191406,0.9903980493545532
547.0214233398438,173.00282287597656,19.52362060546875,43.869293212890625,0.9537948966026306
146.22927856445312,174.06703186035156,27.583419799804688,158.1787567138672,0.8338385820388794
360.70367431640625,130.48699951171875,22.5177001953125,305.39697265625,0.830030620098114
603.11083984375,173.18624877929688,20.2427978515625,53.143524169921875,0.8211133480072021
506.8299560546875,88.65299987792969,9.1483154296875,402.527099609375,0.8158776760101318
496.3121337890625,139.53402709960938,20.3568115234375,269.1226501464844,0.8111094832420349
453.6903381347656,183.86338806152344,14.140167236328125,381.0172119140625,0.8042722940444946
624.1018676757812,94.52108764648438,13.00787353515625,406.0981750488281,0.8023816347122192
460.34185791015625,114.95006561279297,9.58978271484375,406.23211669921875,0.7982454299926758
