160.5638885498047,201.78663635253906,12.9937744140625,27.573272705078125,0.9386470317840576
151.24069213867188,202.670166015625,14.903732299804688,31.018280029296875,0.8298283815383911
519.4635009765625,117.31989288330078,7.8414306640625,423.2479248046875,0.8213277459144592
623.7469482421875,79.38812255859375,5.5428466796875,454.8836669921875,0.8182166814804077
50.716026306152344,191.69375610351562,24.668373107910156,67.44125366210938,0.813646137714386
231.4952392578125,127.33899688720703,10.10968017578125,372.79974365234375,0.8094730377197266
573.66162109375,189.97918701171875,8.989013671875,416.90692138671875,0.8030217289924622
631.4771118164062,-76.72712707519531,16.73876953125,403.88946533203125,0.7775383591651917
633.8060913085938,81.4566421508789,7.2623291015625,422.0688171386719,0.7774022817611694
632.0979614257812,157.58514404296875,11.8570556640625,178.94302368164062,0.7747064828872681
