422.214111328125,189.893310546875,17.773834228515625,45.06776428222656,0.9792080521583557
402.38323974609375,188.09385681152344,17.434234619140625,41.246917724609375,0.8846184611320496
505.1559753417969,118.39576721191406,16.036102294921875,362.52166748046875,0.8309653997421265
544.3624267578125,122.32087707519531,7.54376220703125,426.62451171875,0.8245888948440552
135.91510009765625,180.61741638183594,21.33203125,133.5992889404297,0.8239397406578064
536.1475219726562,130.73777770996094,17.7733154296875,261.3900146484375,0.823051929473877
635.2118530273438,74.04483032226562,8.480712890625,410.9147033691406,0.8220869302749634
280.3054504394531,123.61294555664062,14.916351318359375,355.58349609375,0.8147158026695251
242.3385009765625,125.76264190673828,13.382156372070312,381.1292724609375,0.8140169382095337
394.2234802246094,186.09498596191406,26.7633056640625,74.60484313964844,0.8111295700073242
