126.39210510253906,192.656494140625,12.409103393554688,28.156906127929688,0.9773198366165161
428.0149841308594,194.14105224609375,15.067138671875,33.53057861328125,0.9766486287117004
566.7174072265625,176.4115753173828,25.78936767578125,58.54090881347656,0.9668310284614563
545.9829711914062,107.81786346435547,10.990966796875,391.275634765625,0.8386954069137573
585.2213134765625,179.29653930664062,9.91229248046875,427.1080627441406,0.8272281289100647
627.4141845703125,116.40400695800781,11.05731201171875,404.427734375,0.8082144260406494
413.81756591796875,121.74473571777344,10.82098388671875,393.14532470703125,0.8072543144226074
632.9269409179688,96.11261749267578,6.93438720703125,445.82611083984375,0.801560640335083
579.9967041015625,187.56649780273438,26.9044189453125,56.704010009765625,0.8007324934005737
160.6430206298828,129.22866821289062,11.4393310546875,347.5439758300781,0.7941495180130005
