301.6640319824219,182.2035369873047,27.544403076171875,56.18684387207031,0.994668185710907
600.177978515625,169.34335327148438,27.698974609375,72.87228393554688,0.978522002696991
568.0675048828125,179.58737182617188,24.28289794921875,56.50340270996094,0.8824635148048401
590.53759765625,177.0902557373047,24.78173828125,59.49652099609375,0.8617221117019653
387.8367614746094,192.1580047607422,13.5455322265625,29.07720947265625,0.8443334102630615
303.4171142578125,185.034912109375,21.202911376953125,49.85356140136719,0.8388937711715698
620.8079833984375,26.138534545898438,34.32958984375,284.45623779296875,0.8315674662590027
306.18927001953125,189.26553344726562,23.7138671875,55.340576171875,0.8174362778663635
622.7581176757812,83.15533447265625,8.0584716796875,395.79638671875,0.8112536668777466
453.07672119140625,213.12527465820312,13.69122314453125,357.4944763183594,0.8019072413444519
