119.48258972167969,190.69273376464844,15.816009521484375,32.60807800292969,0.9398367404937744
447.081787109375,197.36181640625,17.17529296875,40.68182373046875,0.923401951789856
436.9023132324219,126.17423248291016,9.388427734375,393.0790100097656,0.8351292610168457
121.40345764160156,143.3153076171875,12.08038330078125,335.6741027832031,0.8302428126335144
463.9311218261719,204.98095703125,14.340301513671875,34.626434326171875,0.815518856048584
598.6650390625,99.5335464477539,8.0267333984375,429.6251525878906,0.810696542263031
111.07909393310547,137.12881469726562,17.28125762939453,293.9673767089844,0.7975288033485413
631.8257446289062,79.03302764892578,5.95037841796875,440.7652587890625,0.7906326651573181
3.6384904384613037,189.75267028808594,25.532175064086914,55.89384460449219,0.7748069167137146
166.0072021484375,164.11114501953125,13.968307495117188,248.926025390625,0.7690171003341675
