403.8749694824219,169.88116455078125,46.849884033203125,95.90396118164062,0.9726640582084656
287.3311462402344,126.10009002685547,10.508636474609375,382.7770690917969,0.8325936794281006
407.3110656738281,167.01075744628906,32.731689453125,80.4075927734375,0.8240297436714172
500.1181335449219,109.30951690673828,15.201019287109375,376.8636169433594,0.8227983117103577
589.49853515625,116.67938232421875,6.26611328125,445.29046630859375,0.8197729587554932
499.8251647949219,210.55641174316406,13.254425048828125,359.301025390625,0.8196061849594116
109.06565856933594,148.70352172851562,22.156845092773438,268.4823913574219,0.8148162961006165
552.3833618164062,-36.633724212646484,16.06634521484375,358.98797607421875,0.7889015674591064
637.1895141601562,61.12203598022461,5.14508056640625,438.37457275390625,0.7884320020675659
634.4867553710938,71.84968566894531,4.5482177734375,453.79949951171875,0.7800262570381165
