114.51791381835938,184.87460327148438,13.4307861328125,27.098342895507812,0.9207499027252197
623.1031494140625,1.4569902420043945,31.5693359375,325.4367980957031,0.8280820846557617
628.4484252929688,69.11734771728516,6.80291748046875,421.26812744140625,0.8221989274024963
611.36279296875,175.22872924804688,18.29888916015625,52.560821533203125,0.8201062083244324
598.9693603515625,94.45500183105469,7.44366455078125,430.2113037109375,0.8088999390602112
568.6841430664062,200.8621063232422,8.704833984375,397.5980224609375,0.7964185476303101
473.2325744628906,120.70979309082031,9.469818115234375,416.6290283203125,0.794512927532196
636.603271484375,-157.77406311035156,5.68072509765625,456.201416015625,0.772392749786377
108.77742767333984,133.844482421875,13.790016174316406,339.54290771484375,0.7695891857147217
587.360595703125,-86.92742156982422,9.2603759765625,423.8759460449219,0.7560412883758545
