178.0704345703125,168.5194549560547,23.6859130859375,67.98359680175781,0.924262285232544
196.45460510253906,158.19155883789062,24.680252075195312,77.63043212890625,0.8655384182929993
129.197998046875,181.58740234375,20.261215209960938,54.44886779785156,0.8531428575515747
135.72979736328125,176.69418334960938,21.1519775390625,59.59356689453125,0.8385937809944153
563.06005859375,119.46768951416016,16.8363037109375,302.2560729980469,0.8321826457977295
549.0386962890625,181.83917236328125,7.78656005859375,400.79461669921875,0.8296574354171753
464.775146484375,116.39390563964844,8.339019775390625,402.15118408203125,0.8275650143623352
627.224365234375,109.51234436035156,14.9776611328125,273.06573486328125,0.8210076093673706
452.9698181152344,160.51319885253906,32.207489013671875,99.27635192871094,0.7980014681816101
93.82221984863281,181.748779296875,27.908233642578125,50.137298583984375,0.7967076897621155
