135.62257385253906,136.2930145263672,28.249435424804688,151.7404327392578,0.8598107099533081
584.3464965820312,172.0541229248047,7.05352783203125,417.4847412109375,0.8565884232521057
425.38165283203125,118.180908203125,8.817535400390625,389.7971496582031,0.8474582433700562
353.83905029296875,155.52432250976562,26.484283447265625,107.6878662109375,0.8403791785240173
88.81462097167969,120.29576110839844,16.50341033935547,287.7972412109375,0.8325079083442688
634.0709228515625,55.59996032714844,4.6981201171875,443.19732666015625,0.8318337202072144
12.215174674987793,167.32711791992188,26.059890747070312,95.89401245117188,0.8295825123786926
41.980552673339844,158.65235900878906,30.741119384765625,103.86607360839844,0.8291564583778381
17.68333625793457,171.33604431152344,26.664426803588867,81.58305358886719,0.8285638093948364
274.1286926269531,112.86895751953125,22.1573486328125,201.76199340820312,0.8235700726509094
