581.465087890625,170.94656372070312,37.65625,82.93002319335938,0.9120963215827942
567.5336303710938,142.82057189941406,68.83343505859375,214.25022888183594,0.8867828249931335
569.4977416992188,188.31607055664062,25.43865966796875,54.36537170410156,0.8778656125068665
604.708740234375,152.30929565429688,38.31866455078125,153.01132202148438,0.8634390234947205
589.19384765625,162.9681396484375,6.4273681640625,430.93072509765625,0.8352205753326416
629.1930541992188,58.961490631103516,6.19256591796875,426.7665100097656,0.8227673768997192
636.5079345703125,85.42715454101562,4.14849853515625,449.8785095214844,0.8175294995307922
581.437744140625,179.39016723632812,29.1607666015625,69.82170104980469,0.8152525424957275
225.04425048828125,121.99231719970703,14.616424560546875,362.1773376464844,0.7906324863433838
637.0731811523438,99.84046173095703,5.01373291015625,446.13006591796875,0.7774882316589355
