117.88811492919922,189.73123168945312,31.17609405517578,72.76834106445312,0.9939747452735901
503.7940673828125,174.44447326660156,11.8446044921875,402.57489013671875,0.8607505559921265
483.9703369140625,114.64110565185547,15.34820556640625,365.1886291503906,0.8516320586204529
302.6416931152344,124.86187744140625,12.299774169921875,365.9293212890625,0.841629147529602
604.0846557617188,96.07698059082031,10.6102294921875,392.982177734375,0.8362219333648682
621.5729370117188,113.17193603515625,11.18316650390625,365.0980529785156,0.8233631253242493
631.28125,106.38993072509766,7.2073974609375,408.3078918457031,0.8199632167816162
628.8482055664062,93.41354370117188,7.41802978515625,420.9993591308594,0.8198434114456177
73.08111572265625,144.3930206298828,16.180198669433594,307.68780517578125,0.8129717707633972
331.1356201171875,105.87890625,16.066070556640625,347.6325988769531,0.8003849387168884
