550.953857421875,107.87903594970703,10.30828857421875,405.4642333984375,0.8400920629501343
467.56982421875,189.6898193359375,21.39654541015625,47.46955871582031,0.8122425675392151
620.5123291015625,79.63773345947266,9.3431396484375,407.4968566894531,0.8111094236373901
374.2289733886719,125.93158721923828,11.26434326171875,385.1441650390625,0.8033954501152039
617.0186157226562,97.40970611572266,8.13739013671875,400.6526184082031,0.8033390641212463
29.66416358947754,184.89749145507812,27.000398635864258,58.01715087890625,0.7964559197425842
479.2513427734375,187.74569702148438,21.3990478515625,49.677886962890625,0.7922871708869934
497.14337158203125,217.02438354492188,12.6593017578125,365.3160705566406,0.7885217070579529
635.4675903320312,91.12920379638672,4.526123046875,445.06097412109375,0.7755876779556274
152.74224853515625,141.1085662841797,11.712005615234375,337.35833740234375,0.7751099467277527
