562.48681640625,106.2672348022461,10.2958984375,407.7543029785156,0.8426831364631653
216.31954956054688,189.15170288085938,23.543502807617188,49.200408935546875,0.8303281664848328
617.5582275390625,82.12726593017578,10.88970947265625,405.26995849609375,0.8279145956039429
296.5570373535156,246.60775756835938,26.454376220703125,291.1722717285156,0.8177229762077332
32.12223815917969,186.5548095703125,29.54851531982422,64.16192626953125,0.8127539157867432
456.3539123535156,154.7725067138672,16.482330322265625,149.00636291503906,0.8086874485015869
611.4073486328125,102.92637634277344,10.502685546875,370.66937255859375,0.806564211845398
385.918701171875,135.14488220214844,11.49810791015625,375.9075927734375,0.8035784959793091
633.2636108398438,88.9751968383789,5.692626953125,437.5584411621094,0.801870584487915
168.21420288085938,186.79183959960938,20.064895629882812,38.25563049316406,0.7949367165565491
