483.65533447265625,116.68186950683594,8.4632568359375,412.46990966796875,0.8068942427635193
174.83590698242188,138.70205688476562,10.094802856445312,356.1557922363281,0.8015192747116089
532.5206298828125,192.62966918945312,10.4925537109375,391.8254699707031,0.7973614931106567
630.5076904296875,-64.08563995361328,18.5584716796875,419.09136962890625,0.7873848676681519
545.335205078125,104.32553100585938,10.401611328125,396.4843444824219,0.7837761640548706
449.83233642578125,104.13937377929688,11.155242919921875,375.6456298828125,0.7732165455818176
635.83544921875,88.93093872070312,4.62115478515625,452.4170227050781,0.7610213756561279
614.9071044921875,163.37440490722656,14.0404052734375,130.22044372558594,0.7603247165679932
629.7210083007812,79.63758850097656,6.36859130859375,421.72296142578125,0.7469979524612427
632.9779663085938,77.9287109375,5.02374267578125,449.3907470703125,0.7429175972938538
