69.16921997070312,193.635009765625,18.545127868652344,37.05718994140625,0.8325488567352295
373.509765625,133.24850463867188,11.507171630859375,380.0724792480469,0.8172415494918823
142.18472290039062,141.69537353515625,11.2652587890625,335.23602294921875,0.8097162842750549
579.4840698242188,105.42601776123047,10.68701171875,420.70428466796875,0.8028474450111389
61.727657318115234,193.927978515625,20.239002227783203,38.43959045410156,0.7941192388534546
49.1158332824707,194.50440979003906,20.875080108642578,39.04876708984375,0.785570502281189
480.5926818847656,98.10074615478516,9.929351806640625,388.9931640625,0.784396767616272
39.48822021484375,195.71240234375,20.378578186035156,38.77677917480469,0.765554666519165
627.7818603515625,80.3291244506836,8.63580322265625,433.4429016113281,0.7634668350219727
30.636598587036133,194.20367431640625,21.63419532775879,39.75621032714844,0.7602875232696533
