621.2201538085938,82.93404388427734,9.55120849609375,411.8853454589844,0.8439702987670898
628.9244995117188,-35.48905944824219,21.33111572265625,358.3543701171875,0.8398910164833069
459.7789001464844,121.58301544189453,9.882720947265625,409.38330078125,0.828392744064331
582.2696533203125,102.30540466308594,9.3538818359375,428.804443359375,0.826121985912323
127.94265747070312,172.7610626220703,25.10247802734375,112.71281433105469,0.7959858775138855
41.121883392333984,185.4123077392578,26.778324127197266,64.10185241699219,0.7906498908996582
189.9127960205078,129.25323486328125,10.494842529296875,366.82781982421875,0.7900056838989258
409.36334228515625,234.86643981933594,14.99481201171875,325.40252685546875,0.785618782043457
545.8515625,89.14791870117188,7.6451416015625,417.4029541015625,0.7825583815574646
633.4668579101562,-144.4477996826172,10.51416015625,443.24530029296875,0.7468482851982117
