112.98504638671875,177.69854736328125,34.49896240234375,36.980133056640625,0.8473449945449829
509.1064758300781,117.53136444091797,7.479034423828125,413.14581298828125,0.827340304851532
627.14453125,182.01907348632812,11.3822021484375,67.54226684570312,0.8133993148803711
184.61517333984375,135.38072204589844,10.521926879882812,347.479248046875,0.812039315700531
589.4931640625,-40.782108306884766,25.5867919921875,363.86468505859375,0.7934647798538208
28.9089298248291,179.4644775390625,21.349435806274414,63.852020263671875,0.792816698551178
37.98979568481445,189.91851806640625,21.39852523803711,43.932220458984375,0.7924789190292358
617.1369018554688,-36.75315856933594,24.111328125,365.27880859375,0.7907512784004211
597.8666381835938,95.24229431152344,6.9193115234375,422.0914306640625,0.7800864577293396
543.1409301757812,193.25640869140625,10.90350341796875,394.47198486328125,0.777510404586792
