611.095703125,93.25979614257812,9.74395751953125,358.9567565917969,0.9061770439147949
31.39166259765625,188.17510986328125,20.93942642211914,46.222442626953125,0.8499966263771057
70.85629272460938,187.9893798828125,14.562171936035156,33.9620361328125,0.8367516994476318
382.9737854003906,130.75051879882812,10.47149658203125,372.7965087890625,0.8305736780166626
564.6033325195312,128.96182250976562,9.79833984375,377.4649353027344,0.8281759023666382
123.78851318359375,139.61878967285156,12.66998291015625,328.07177734375,0.8251757621765137
633.4393310546875,129.47654724121094,11.0975341796875,248.01499938964844,0.8238461017608643
502.79071044921875,164.3251190185547,13.775634765625,207.27943420410156,0.8153908848762512
434.210693359375,99.99462890625,10.800933837890625,371.57440185546875,0.8120186924934387
90.32830047607422,169.11502075195312,20.13861083984375,118.34780883789062,0.8111428618431091
