537.9073486328125,185.0709686279297,22.5576171875,46.042755126953125,0.9694185256958008
530.72216796875,182.98538208007812,19.42108154296875,44.82366943359375,0.8878855109214783
215.587890625,134.7243194580078,11.639358520507812,363.61376953125,0.8010290861129761
497.3598937988281,124.36917114257812,9.02716064453125,413.8209533691406,0.7807136178016663
535.742431640625,85.25907135009766,7.70599365234375,413.9671325683594,0.7793852686882019
622.5698852539062,149.8402557373047,13.33050537109375,164.6596221923828,0.771358072757721
540.3005981445312,123.7440185546875,11.282958984375,385.55755615234375,0.7692851424217224
177.80422973632812,126.96016693115234,19.151519775390625,330.6607360839844,0.7583367824554443
501.0350341796875,185.23866271972656,19.77935791015625,41.10270690917969,0.7500278949737549
489.0087890625,71.38250732421875,12.34521484375,347.7153625488281,0.7432887554168701
