566.4263305664062,185.43797302246094,9.141357421875,406.9571533203125,0.8187752366065979
507.727294921875,112.57829284667969,16.071533203125,387.33709716796875,0.7980991005897522
398.0064392089844,117.38026428222656,10.681365966796875,404.545654296875,0.7973443269729614
20.189041137695312,188.32769775390625,21.268142700195312,43.15580749511719,0.7899135947227478
70.55107879638672,143.0845489501953,15.477821350097656,324.990234375,0.7820194363594055
632.458251953125,71.36185455322266,5.40386962890625,430.5367736816406,0.7747945785522461
406.0072021484375,98.21957397460938,14.503692626953125,383.39862060546875,0.7630801200866699
599.1608276367188,181.65972900390625,23.15887451171875,52.71368408203125,0.7622107267379761
636.7625122070312,91.10504150390625,3.8404541015625,455.9566650390625,0.7492079138755798
24.899959564208984,183.57861328125,23.84335708618164,61.86128234863281,0.7453728318214417
