473.64306640625,120.58663940429688,8.279266357421875,406.3726501464844,0.8244469165802002
178.15823364257812,141.29339599609375,10.534317016601562,345.2566833496094,0.8095669150352478
227.93663024902344,187.67657470703125,26.583908081054688,63.13201904296875,0.8046754598617554
586.3871459960938,98.80972290039062,6.877685546875,411.1186828613281,0.78829425573349
127.67127227783203,164.73609924316406,26.92644500732422,106.25608825683594,0.7854915261268616
635.9624633789062,65.62181091308594,4.232177734375,453.29248046875,0.7773862481117249
21.501848220825195,180.1551971435547,28.168848037719727,55.58378601074219,0.7752276062965393
633.961669921875,76.432861328125,5.14544677734375,439.65576171875,0.7729476690292358
539.3304443359375,88.51795959472656,7.5009765625,409.4571533203125,0.7654858231544495
167.735107421875,119.6705551147461,14.663238525390625,324.9026794433594,0.758712649345398
