624.8734130859375,77.17826843261719,8.04327392578125,410.76983642578125,0.8279524445533752
499.5658874511719,114.66334533691406,7.819610595703125,416.71527099609375,0.8240486979484558
631.67724609375,-58.00674057006836,16.17724609375,389.9867858886719,0.8203291296958923
597.4888916015625,90.42377471923828,6.90185546875,430.12042236328125,0.8088786602020264
544.0258178710938,179.9461212158203,9.77838134765625,406.79473876953125,0.8064184188842773
159.2990264892578,132.91213989257812,10.582046508789062,348.2057800292969,0.7912347316741943
613.2642822265625,196.50430297851562,17.67437744140625,50.30035400390625,0.7909952402114868
543.4677734375,83.28815460205078,7.478759765625,418.5529479980469,0.7811980843544006
626.4976806640625,185.5323486328125,11.0079345703125,64.57945251464844,0.7793962955474854
631.0630493164062,82.14714813232422,5.43060302734375,439.96575927734375,0.774954080581665
