468.1387939453125,182.75575256347656,18.6962890625,33.27769470214844,0.8368563055992126
530.05322265625,114.12318420410156,6.5020751953125,419.85003662109375,0.8330788016319275
595.03466796875,94.90990447998047,6.65625,418.729736328125,0.8214870691299438
30.9061279296875,179.22425842285156,26.551162719726562,54.07096862792969,0.8084418177604675
140.1566925048828,117.34961700439453,13.76690673828125,309.6007385253906,0.7956023216247559
165.2864990234375,135.54388427734375,10.027542114257812,344.8932800292969,0.7938429713249207
636.0208740234375,77.17420959472656,5.18896484375,439.92877197265625,0.7894503474235535
583.1763305664062,143.8590087890625,15.34906005859375,167.88009643554688,0.7805001735687256
487.3950500488281,180.37158203125,18.5,35.948150634765625,0.7790171504020691
408.9448547363281,180.59552001953125,17.465057373046875,31.487106323242188,0.7771803736686707
