563.02197265625,187.76625061035156,17.3262939453125,37.513763427734375,0.8973422050476074
629.9732666015625,75.18297576904297,5.9296875,414.1744384765625,0.8236075043678284
497.8045959472656,115.93693542480469,7.460174560546875,412.14154052734375,0.8213134407997131
529.72119140625,187.0100555419922,16.25408935546875,35.688995361328125,0.8175708651542664
550.2666625976562,189.5170135498047,9.03863525390625,403.78466796875,0.8072357773780823
616.6644897460938,16.671323776245117,45.38262939453125,275.5108642578125,0.8066193461418152
601.77392578125,93.33134460449219,6.7586669921875,428.4654541015625,0.8015784025192261
172.43804931640625,129.97134399414062,10.697357177734375,357.58404541015625,0.7949833869934082
76.16883850097656,183.5562744140625,25.907073974609375,76.51513671875,0.788493812084198
532.9699096679688,86.15673065185547,7.6248779296875,406.52960205078125,0.7737863063812256
