535.0579223632812,184.7447967529297,19.668212890625,39.03010559082031,0.900787889957428
529.9829711914062,184.0065460205078,17.758056640625,38.36994934082031,0.8406711220741272
27.837478637695312,181.5018310546875,29.00841522216797,57.9749755859375,0.8267540335655212
54.20970916748047,179.15194702148438,29.558692932128906,58.08262634277344,0.8071642518043518
514.8843994140625,110.29462432861328,7.442138671875,424.35150146484375,0.8041126728057861
586.2440795898438,186.54861450195312,18.44573974609375,38.30717468261719,0.7948477864265442
197.68124389648438,128.46688842773438,10.737152099609375,367.3846740722656,0.7886055111885071
559.9085693359375,181.66729736328125,8.7056884765625,409.9072265625,0.7840135097503662
584.2054443359375,97.78654479980469,8.3521728515625,416.959228515625,0.7768999934196472
41.36844253540039,179.45468139648438,30.547504425048828,47.361907958984375,0.7728196382522583
