373.61395263671875,180.3825225830078,17.1456298828125,36.84513854980469,0.8888894319534302
625.2009887695312,182.9276580810547,12.68389892578125,55.62663269042969,0.8324089050292969
579.6311645507812,94.65838623046875,7.31817626953125,409.8827819824219,0.8104258179664612
588.5214233398438,188.2776641845703,17.9805908203125,45.03227233886719,0.8017584681510925
34.83073806762695,179.08177185058594,26.815532684326172,52.44921875,0.7989463806152344
624.0447387695312,-23.422637939453125,31.072509765625,338.7815856933594,0.7966711521148682
613.849365234375,171.72671508789062,11.0767822265625,84.5404052734375,0.7957733869552612
430.6909484863281,117.73539733886719,8.543243408203125,394.75384521484375,0.7942175269126892
566.935791015625,182.80894470214844,8.39703369140625,408.072509765625,0.7909481525421143
372.19482421875,185.76773071289062,17.727813720703125,35.86029052734375,0.7903789281845093
