587.8154907226562,175.60440063476562,22.20135498046875,54.69596862792969,0.9889182448387146
503.2405090332031,178.32484436035156,17.117828369140625,31.8741455078125,0.8750355839729309
583.0584106445312,177.00123596191406,23.0787353515625,52.32719421386719,0.8740149140357971
613.3150024414062,180.44552612304688,19.26226806640625,50.69258117675781,0.8485729098320007
591.4135131835938,94.14224243164062,7.02655029296875,416.2497863769531,0.8031782507896423
620.2228393554688,-6.259045600891113,38.5826416015625,307.7373352050781,0.8018881678581238
377.787353515625,175.16107177734375,19.385528564453125,39.17643737792969,0.8016514182090759
629.0029296875,74.04048156738281,6.83209228515625,417.9476318359375,0.7865009307861328
464.00537109375,178.79046630859375,16.7529296875,32.63142395019531,0.7774455547332764
562.9033813476562,184.10589599609375,8.25152587890625,404.275634765625,0.7766677141189575
