629.263671875,-24.033981323242188,20.48980712890625,337.40155029296875,0.8533417582511902
611.927978515625,94.43585968017578,8.365478515625,346.2220458984375,0.847033679485321
519.2492065429688,115.4204330444336,6.755126953125,415.1072692871094,0.8390491008758545
580.0238647460938,95.64842987060547,7.823974609375,410.49981689453125,0.8254342675209045
570.1954956054688,185.16311645507812,9.03594970703125,415.4377136230469,0.8205649256706238
149.6436004638672,175.7998809814453,18.270492553710938,38.17543029785156,0.8193217515945435
619.250732421875,185.42031860351562,15.60345458984375,54.64585876464844,0.8108501434326172
112.98684692382812,133.28684997558594,11.456741333007812,340.66546630859375,0.804423987865448
499.9449462890625,91.76260375976562,8.971954345703125,396.7836608886719,0.795843780040741
630.3675537109375,73.70714569091797,6.4005126953125,430.8413391113281,0.7878482341766357
