381.7230224609375,172.71893310546875,22.4130859375,42.649322509765625,0.9941864013671875
376.0124206542969,176.75540161132812,26.758331298828125,48.180450439453125,0.8381245732307434
596.4619140625,90.2367935180664,7.0751953125,422.7577819824219,0.8131694197654724
154.97402954101562,140.91751098632812,10.603485107421875,328.06280517578125,0.8000202775001526
510.0719909667969,115.2901382446289,7.563934326171875,416.9034118652344,0.7971903681755066
621.4617919921875,181.07139587402344,15.1702880859375,53.020416259765625,0.7922568917274475
422.1257019042969,174.859130859375,17.908721923828125,41.2027587890625,0.7918211817741394
103.31784057617188,176.28402709960938,26.446807861328125,46.4512939453125,0.7802284359931946
37.12965393066406,173.31979370117188,19.60934829711914,40.43975830078125,0.7771762013435364
40.66022491455078,174.4873046875,20.871074676513672,40.99208068847656,0.7716240882873535
