533.3224487304688,183.1033935546875,16.61602783203125,37.13093566894531,0.856719434261322
565.5787353515625,181.73789978027344,14.83380126953125,37.39686584472656,0.8389173150062561
578.0732421875,93.59223937988281,7.5699462890625,409.00982666015625,0.8210573196411133
522.2996826171875,181.84739685058594,16.57794189453125,37.103118896484375,0.8178081512451172
469.480224609375,113.37471771240234,7.6737060546875,404.4847717285156,0.8113118410110474
20.06914520263672,182.81027221679688,27.042572021484375,47.867431640625,0.8096582293510437
34.32264709472656,181.00189208984375,26.374046325683594,47.00517272949219,0.8044118881225586
204.3484344482422,130.1654815673828,9.9249267578125,359.569091796875,0.7973095178604126
629.5341796875,74.81107330322266,5.47119140625,404.1453552246094,0.7959480285644531
582.7958374023438,179.01718139648438,8.13165283203125,420.9496765136719,0.7870782613754272
