540.96533203125,166.29647827148438,17.0662841796875,41.07261657714844,0.9659174680709839
528.1505737304688,165.20925903320312,16.428955078125,42.67201232910156,0.9345486760139465
591.0894165039062,98.80070495605469,6.89227294921875,409.4481201171875,0.816741406917572
539.6798706054688,113.30512237548828,6.11114501953125,417.83807373046875,0.8147744536399841
508.6884765625,174.6348876953125,16.6474609375,40.59114074707031,0.8136993646621704
604.0167846679688,94.92266082763672,8.927001953125,326.039794921875,0.810049295425415
601.5772705078125,166.8018035888672,5.8677978515625,438.441162109375,0.7990246415138245
636.4209594726562,79.1762924194336,3.78887939453125,454.5036315917969,0.7849977016448975
633.7941284179688,69.157958984375,4.216064453125,446.7996826171875,0.7842008471488953
635.2672119140625,74.1271743774414,5.433837890625,426.5766906738281,0.7799522280693054
