550.70849609375,172.3203582763672,17.513427734375,47.77140808105469,0.992917537689209
545.4949340820312,175.6844940185547,15.7994384765625,45.072235107421875,0.8921709656715393
561.0137329101562,115.8779067993164,5.76715087890625,426.4538879394531,0.8166068196296692
578.9579467773438,177.930419921875,14.76025390625,52.82112121582031,0.7958581447601318
593.966796875,105.4723129272461,6.61773681640625,408.3393859863281,0.7954021096229553
559.020263671875,174.1461944580078,18.2447509765625,45.21437072753906,0.7888801693916321
636.6436157226562,83.04686737060547,3.77911376953125,456.2742919921875,0.7589093446731567
608.2146606445312,175.86572265625,6.04107666015625,438.5887451171875,0.7574294209480286
160.78512573242188,134.3413543701172,10.558547973632812,351.32916259765625,0.7572739124298096
621.2362670898438,79.7022933959961,7.81036376953125,389.8547058105469,0.7570375800132751
