482.7220458984375,147.95590209960938,31.87200927734375,91.79705810546875,0.9834755659103394
536.4287109375,155.39230346679688,33.92315673828125,99.46150207519531,0.8533256649971008
485.28582763671875,116.60533905029297,7.8717041015625,405.5377197265625,0.8339892029762268
569.4617309570312,104.60076141357422,8.64373779296875,405.90118408203125,0.8200947642326355
577.908935546875,164.10202026367188,7.2430419921875,425.7809143066406,0.8199330568313599
620.5345458984375,76.24549102783203,8.30615234375,397.6454162597656,0.8083842396736145
530.66015625,90.05101013183594,8.23199462890625,413.05908203125,0.8010019063949585
134.16323852539062,135.90579223632812,12.74090576171875,340.4596252441406,0.7935011982917786
628.3327026367188,79.72489166259766,6.2236328125,437.7499694824219,0.781243622303009
629.018310546875,70.25663757324219,6.9022216796875,432.3731689453125,0.7790696024894714
