352.10955810546875,181.7617950439453,12.342376708984375,25.166976928710938,0.9901284575462341
313.5644226074219,181.7706756591797,15.71142578125,29.373382568359375,0.9063509702682495
309.1946105957031,182.5082244873047,14.56396484375,30.89544677734375,0.8616390824317932
504.472900390625,116.13552856445312,7.9415283203125,418.1719665527344,0.8131922483444214
633.297119140625,83.24234771728516,7.229248046875,409.2846984863281,0.8089984655380249
634.4926147460938,106.63068389892578,9.51141357421875,266.84771728515625,0.7980678677558899
94.54454040527344,161.0203094482422,26.232093811035156,109.01631164550781,0.7897354364395142
257.852783203125,176.004638671875,17.419403076171875,39.92314147949219,0.7876377105712891
623.3571166992188,76.15350341796875,5.22357177734375,450.6444091796875,0.7865074276924133
242.13861083984375,130.8857879638672,9.101760864257812,365.3232421875,0.7864304780960083
