458.0313415527344,118.62367248535156,9.12078857421875,408.25372314453125,0.81089848279953
613.313720703125,87.56278228759766,6.283203125,440.7530212402344,0.8096899390220642
169.48153686523438,135.9203338623047,10.778656005859375,343.94683837890625,0.797850489616394
349.1839294433594,178.41354370117188,14.615631103515625,30.262619018554688,0.7961074709892273
584.6729736328125,174.44479370117188,8.7313232421875,425.0406188964844,0.7924211025238037
16.4328556060791,185.1569061279297,26.873388290405273,50.72465515136719,0.7887596487998962
636.0780029296875,-155.0268096923828,6.35736083984375,458.017578125,0.779573917388916
144.87615966796875,186.322509765625,24.18963623046875,42.798980712890625,0.7694402933120728
634.9200439453125,64.91273498535156,4.480712890625,443.0260009765625,0.7675769329071045
523.6729736328125,87.96599578857422,8.0970458984375,405.1744384765625,0.7669957280158997
