602.2125854492188,172.58770751953125,6.18414306640625,425.93646240234375,0.8021687269210815
188.1503448486328,141.3868865966797,10.274429321289062,339.10980224609375,0.7988961935043335
445.0252990722656,117.55366516113281,8.6834716796875,391.87530517578125,0.7912749648094177
559.3694458007812,101.34505462646484,7.54425048828125,385.4966735839844,0.781726062297821
371.3683776855469,156.53697204589844,16.264801025390625,31.032958984375,0.7808269262313843
132.03817749023438,107.69686889648438,16.059173583984375,320.25225830078125,0.7704181671142578
627.662109375,124.39301300048828,12.43487548828125,158.03939819335938,0.7615119218826294
638.1885375976562,36.529483795166016,3.4129638671875,451.8804931640625,0.7610619068145752
513.1732177734375,84.72569274902344,7.71759033203125,396.89312744140625,0.745384931564331
633.7128295898438,65.60989379882812,4.5830078125,448.2285461425781,0.7436777949333191
