291.1103515625,158.0823974609375,13.3681640625,23.325103759765625,0.8346341252326965
634.5729370117188,75.14136505126953,8.20574951171875,277.9322509765625,0.808870792388916
438.4305419921875,111.83869171142578,8.529541015625,397.4741516113281,0.8077895045280457
28.066383361816406,164.89010620117188,29.52902603149414,68.12210083007812,0.7985084056854248
170.57266235351562,136.75091552734375,10.551605224609375,340.2123107910156,0.78605055809021
193.40408325195312,164.3924102783203,28.777694702148438,66.27484130859375,0.7852936387062073
573.0404052734375,97.75634765625,6.98712158203125,392.6537170410156,0.7828540205955505
634.6781616210938,29.913082122802734,5.73272705078125,430.95172119140625,0.7811688184738159
381.7084045410156,151.32122802734375,16.888275146484375,31.861892700195312,0.7774478793144226
141.6671905517578,103.84307098388672,15.259597778320312,322.5399169921875,0.7767988443374634
