398.86187744140625,171.865478515625,14.592437744140625,31.141845703125,0.9561938047409058
500.10015869140625,164.85775756835938,19.3236083984375,44.70857238769531,0.8488816618919373
546.4821166992188,111.42085266113281,6.29827880859375,428.431640625,0.8236313462257385
604.597412109375,88.73438262939453,6.5771484375,434.646484375,0.8233628273010254
629.4722900390625,115.06782531738281,12.53955078125,239.43238830566406,0.8217423558235168
564.5523071289062,160.7956085205078,24.7235107421875,52.71165466308594,0.8168222904205322
536.3685913085938,165.708984375,15.38909912109375,76.23367309570312,0.8108606338500977
201.93707275390625,132.92892456054688,10.16302490234375,359.05657958984375,0.8009648323059082
572.3997192382812,177.35003662109375,7.66021728515625,414.5650634765625,0.8009226322174072
404.095947265625,173.35052490234375,15.548492431640625,34.26283264160156,0.7933416962623596
