385.3416442871094,148.56752014160156,17.725738525390625,36.5418701171875,0.9074001908302307
242.49728393554688,164.48947143554688,15.049774169921875,27.637100219726562,0.8213543891906738
510.5099182128906,140.50218200683594,21.361297607421875,45.74440002441406,0.8211008906364441
501.2373352050781,111.5049819946289,7.34954833984375,413.2778625488281,0.814267635345459
627.337890625,83.70606231689453,14.4990234375,246.26806640625,0.811089277267456
637.072509765625,44.053131103515625,5.1734619140625,431.30914306640625,0.8059722185134888
595.8521728515625,92.0551986694336,6.15032958984375,415.3355407714844,0.7941346764564514
224.11221313476562,142.88479614257812,9.35198974609375,345.3519287109375,0.7892465591430664
526.4506225585938,140.1865234375,20.03607177734375,43.19837951660156,0.7859802842140198
157.7119598388672,102.68172454833984,14.447174072265625,333.615966796875,0.7845651507377625
