536.0157470703125,166.9117431640625,17.9600830078125,41.51544189453125,0.8445473909378052
584.3663330078125,96.6877670288086,7.3543701171875,414.7622375488281,0.8188009858131409
433.1719665527344,120.9563980102539,8.84619140625,393.6705017089844,0.818207859992981
367.2093200683594,171.67994689941406,15.215972900390625,26.453414916992188,0.8178291916847229
168.2186737060547,136.3443145751953,10.951263427734375,344.44970703125,0.7983787059783936
534.6871948242188,187.7548370361328,9.65313720703125,390.513671875,0.795336127281189
146.56271362304688,119.43436431884766,14.684616088867188,311.4849548339844,0.7812134027481079
367.47296142578125,176.53782653808594,16.613677978515625,28.437347412109375,0.7629202008247375
526.4700927734375,167.88853454589844,18.1185302734375,39.91143798828125,0.7601240873336792
637.8284912109375,43.284488677978516,4.05511474609375,446.2311706542969,0.7540584802627563
