633.6431884765625,74.79835510253906,9.5400390625,299.26165771484375,0.8594133257865906
513.847900390625,114.66104125976562,6.74908447265625,409.0009460449219,0.8073025941848755
599.8538818359375,180.01673889160156,5.97613525390625,416.91522216796875,0.8058305978775024
590.7582397460938,95.66861724853516,6.034423828125,403.825439453125,0.7964864373207092
232.3320770263672,138.52774047851562,8.972061157226562,350.4084777832031,0.7857900857925415
205.77706909179688,104.53430938720703,12.293319702148438,336.02532958984375,0.7826240658760071
179.4294891357422,158.9906768798828,27.393798828125,81.03329467773438,0.7553755044937134
590.2008666992188,153.60467529296875,24.01800537109375,55.42201232910156,0.7553065419197083
534.2023315429688,157.44723510742188,21.33148193359375,31.931686401367188,0.7476184368133545
564.4822387695312,77.52562713623047,6.11083984375,417.5160217285156,0.7429804801940918
