631.5272216796875,142.06887817382812,8.0440673828125,128.7069091796875,0.8850864768028259
496.2088623046875,116.32019805908203,7.480255126953125,406.266845703125,0.801314651966095
598.3713989257812,185.84498596191406,6.33819580078125,411.3515625,0.7979896664619446
586.8724365234375,97.71273040771484,6.29071044921875,402.22613525390625,0.7917223572731018
214.48973083496094,139.27310180664062,9.277572631835938,349.01116943359375,0.7882806062698364
635.5339965820312,30.105972290039062,5.08056640625,439.4755859375,0.7791746854782104
153.97610473632812,170.78466796875,24.726318359375,43.8255615234375,0.7745380997657776
41.142486572265625,172.0935821533203,26.041412353515625,50.453277587890625,0.770940363407135
165.24649047851562,108.51425170898438,14.523651123046875,328.7570495605469,0.7685548067092896
559.3739624023438,78.56112670898438,6.4696044921875,418.9034729003906,0.7614871263504028
