172.64361572265625,135.72897338867188,11.128082275390625,349.2381591796875,0.803631603717804
576.249755859375,101.68438720703125,7.66705322265625,407.37286376953125,0.803003191947937
391.604736328125,125.80130004882812,10.77423095703125,388.9606628417969,0.8025510907173157
486.6189880371094,178.5479736328125,15.443267822265625,33.76753234863281,0.7868961691856384
222.50924682617188,112.3232192993164,13.796356201171875,355.1273498535156,0.7757302522659302
121.5108642578125,163.51942443847656,25.320770263671875,128.28892517089844,0.7631809711456299
164.73983764648438,193.35983276367188,23.654937744140625,41.95829772949219,0.7574282288551331
526.4224243164062,189.0978240966797,10.2392578125,399.47283935546875,0.752768337726593
499.01519775390625,94.712890625,8.926239013671875,396.1953430175781,0.7526888847351074
512.309326171875,182.4932861328125,20.4185791015625,51.17866516113281,0.7505213022232056
