211.37240600585938,191.46615600585938,24.29547119140625,51.60609436035156,0.8330589532852173
587.6041259765625,95.9927978515625,7.62725830078125,419.9989013671875,0.8224009275436401
59.48920822143555,170.38343811035156,33.2054557800293,93.18238830566406,0.821790874004364
394.05816650390625,122.71482849121094,10.765289306640625,394.66766357421875,0.8182956576347351
169.49964904785156,127.93708038330078,11.161041259765625,362.0342712402344,0.7864086031913757
313.6856689453125,158.01612854003906,23.6788330078125,121.47959899902344,0.78033846616745
574.878173828125,180.75106811523438,10.431396484375,419.7898254394531,0.7788272500038147
23.63326072692871,173.60533142089844,31.959829330444336,93.62553405761719,0.7771097421646118
551.0494384765625,86.10649108886719,7.4312744140625,421.00250244140625,0.7736768126487732
126.02479553222656,162.7559814453125,28.340255737304688,124.19485473632812,0.7643042802810669
