496.1815185546875,113.90147399902344,8.192901611328125,417.33837890625,0.7956207990646362
584.4814453125,97.31988525390625,7.209716796875,408.5359191894531,0.7935148477554321
583.3746948242188,176.77883911132812,9.070556640625,422.2742614746094,0.7897698879241943
224.35426330566406,178.10365295410156,25.795135498046875,61.98028564453125,0.7865012288093567
637.047607421875,87.84281921386719,3.66717529296875,458.6197509765625,0.7804667353630066
71.35276794433594,162.4781036376953,33.39952087402344,88.017333984375,0.7782117128372192
220.19186401367188,131.55584716796875,9.764434814453125,358.12969970703125,0.7686202526092529
158.17018127441406,106.30122375488281,16.081039428710938,334.112060546875,0.7609483003616333
568.8656005859375,76.44731903076172,6.04644775390625,422.4403381347656,0.757576048374176
260.954345703125,121.15299224853516,21.7218017578125,186.28778076171875,0.7568812966346741
