583.2031860351562,135.8118438720703,18.59918212890625,188.40040588378906,0.8390160799026489
461.39117431640625,120.24220275878906,9.10919189453125,406.9027099609375,0.8126471638679504
555.5807495117188,183.28294372558594,9.59375,407.451904296875,0.8051207065582275
156.2454376220703,178.88397216796875,27.286651611328125,89.51535034179688,0.7962698340415955
205.93533325195312,188.3117218017578,23.83563232421875,58.23887634277344,0.7957701086997986
213.90908813476562,131.82174682617188,9.730224609375,361.7728576660156,0.7949783802032471
107.6766128540039,185.65016174316406,26.755714416503906,53.05615234375,0.7843295931816101
620.8916015625,82.61125183105469,5.6209716796875,449.78009033203125,0.7828812003135681
165.91436767578125,119.85250091552734,14.910049438476562,327.44891357421875,0.7746284008026123
531.1162109375,88.47454833984375,7.7777099609375,409.1317138671875,0.7658824920654297
