547.8798828125,180.11016845703125,8.8939208984375,403.39630126953125,0.8423619270324707
66.81459045410156,170.3192138671875,30.055259704589844,95.630126953125,0.8290756940841675
597.444580078125,91.88040924072266,6.620849609375,425.5950012207031,0.8283045291900635
420.3099365234375,124.24761962890625,9.30450439453125,387.92193603515625,0.8000586032867432
149.37330627441406,133.08358764648438,11.40338134765625,347.8682861328125,0.7828136086463928
621.4458618164062,80.21216583251953,14.95892333984375,320.5760192871094,0.775615930557251
628.6394653320312,165.40322875976562,15.42938232421875,173.41159057617188,0.7683647871017456
103.48890686035156,177.2288055419922,26.555099487304688,80.10679626464844,0.768215000629425
126.31282806396484,186.1852264404297,24.45471954345703,64.89717102050781,0.766555666923523
88.34090423583984,176.14877319335938,27.636085510253906,97.18157958984375,0.7661875486373901
