636.611328125,47.865257263183594,6.265625,389.8634033203125,0.8415417075157166
517.3556518554688,110.36785125732422,6.546630859375,414.46636962890625,0.8377240896224976
187.2645263671875,103.21503448486328,12.669891357421875,334.8448791503906,0.8052994608879089
207.0797119140625,137.59519958496094,9.445770263671875,348.38275146484375,0.7862208485603333
594.0042114257812,43.07594680786133,5.77410888671875,428.930908203125,0.7847182750701904
588.0965576171875,198.61888122558594,6.96600341796875,392.2308349609375,0.7831861972808838
638.1820068359375,36.32841110229492,3.376708984375,449.40972900390625,0.7770861983299255
262.1318359375,160.57476806640625,24.63311767578125,58.797821044921875,0.7739831805229187
608.4164428710938,88.60482025146484,5.5001220703125,425.5986022949219,0.7735101580619812
534.8759765625,81.42445373535156,6.7454833984375,404.66998291015625,0.7609922885894775
