372.1654052734375,144.5707550048828,12.273345947265625,374.48614501953125,0.8584756851196289
112.21749877929688,152.62315368652344,12.90203857421875,316.44677734375,0.8343926072120667
106.4531021118164,154.03868103027344,17.19690704345703,278.5860595703125,0.8231324553489685
629.1097412109375,86.47509002685547,7.42657470703125,420.7038879394531,0.8200554251670837
549.3368530273438,133.44668579101562,11.21527099609375,378.13775634765625,0.8037632703781128
343.22808837890625,120.4578628540039,13.709014892578125,329.7332458496094,0.7922465801239014
636.6709594726562,97.49311828613281,4.00079345703125,452.04864501953125,0.7570145130157471
624.3802490234375,205.17401123046875,22.3153076171875,112.541015625,0.752541184425354
564.1854248046875,28.417266845703125,27.689208984375,268.7344665527344,0.7492473721504211
638.1405029296875,89.42579650878906,2.9603271484375,463.2115478515625,0.7364137172698975
