465.07037353515625,206.84910583496094,18.9654541015625,34.507965087890625,0.8521389961242676
421.21722412109375,126.05690002441406,9.826141357421875,395.427978515625,0.8273648023605347
590.7178955078125,100.66162872314453,7.4366455078125,419.93780517578125,0.8061456084251404
155.82571411132812,139.7699737548828,11.334915161132812,344.2862548828125,0.8054268956184387
631.2910766601562,71.93061065673828,6.2474365234375,434.03204345703125,0.7935335040092468
454.72900390625,253.62330627441406,22.22039794921875,311.55438232421875,0.7651631236076355
32.13687515258789,178.6631622314453,20.91484832763672,94.46702575683594,0.7525905966758728
636.9553833007812,89.31758880615234,3.7208251953125,453.2652893066406,0.7353773713111877
525.45556640625,95.10017395019531,8.611328125,404.61029052734375,0.7351369857788086
127.23937225341797,129.6825714111328,16.91828155517578,302.4798583984375,0.7344648838043213
