630.3878784179688,169.81239318847656,10.10162353515625,105.94377136230469,0.8037828803062439
230.70797729492188,130.7054443359375,9.310867309570312,368.5119934082031,0.7991665005683899
407.8330993652344,147.74392700195312,12.827667236328125,378.0637512207031,0.7952605485916138
567.0292358398438,84.65274810791016,6.83648681640625,427.7903747558594,0.7634311318397522
637.2732543945312,59.40430450439453,5.06854248046875,445.78759765625,0.7571974992752075
629.4246826171875,168.22406005859375,14.93450927734375,175.58721923828125,0.7547926902770996
575.4801025390625,125.44871520996094,11.0960693359375,399.3876953125,0.7496741414070129
220.21461486816406,147.19407653808594,21.615554809570312,155.04859924316406,0.7429496049880981
635.590087890625,93.72598266601562,4.6119384765625,446.5014953613281,0.7305964231491089
156.93487548828125,139.28561401367188,17.285568237304688,310.45806884765625,0.7283698320388794
