315.1672058105469,188.1973876953125,12.226043701171875,22.878402709960938,0.923679530620575
45.381473541259766,184.59701538085938,16.037208557128906,33.54670715332031,0.8943674564361572
476.02734375,134.69342041015625,10.437469482421875,404.37542724609375,0.8253408074378967
576.2965087890625,113.47994232177734,11.43475341796875,410.0046081542969,0.808672308921814
635.912109375,88.3839340209961,4.47967529296875,453.1795349121094,0.8081603050231934
528.025634765625,63.29824447631836,11.29193115234375,390.658203125,0.806839108467102
631.1931762695312,80.42857360839844,7.21539306640625,434.759765625,0.8056149482727051
268.1387023925781,138.67955017089844,11.96087646484375,372.29071044921875,0.8043146729469299
500.6663818359375,93.19290161132812,9.101104736328125,406.1407470703125,0.7914313673973083
587.438232421875,120.0186996459961,11.975830078125,353.2259521484375,0.779846727848053
