461.04937744140625,125.11228942871094,9.4915771484375,403.8372802734375,0.8165611624717712
599.2261962890625,97.20799255371094,6.9095458984375,426.55987548828125,0.8006039261817932
151.9728240966797,138.43893432617188,11.114715576171875,343.0601806640625,0.7931340932846069
628.1466064453125,177.97988891601562,17.70904541015625,156.51809692382812,0.783889651298523
37.087188720703125,192.0662078857422,23.556304931640625,41.640045166015625,0.7749311327934265
31.23611831665039,178.7747344970703,23.33568572998047,70.1929931640625,0.765482485294342
49.04592514038086,187.0027313232422,24.903240203857422,41.38609313964844,0.757936954498291
636.217529296875,90.46855163574219,4.2244873046875,452.114013671875,0.7566684484481812
40.08272171020508,158.96478271484375,22.531749725341797,130.82827758789062,0.7477195858955383
536.4618530273438,198.81414794921875,12.26385498046875,386.89031982421875,0.7468835711479187
