159.75283813476562,168.30490112304688,16.306350708007812,33.20928955078125,0.8570523262023926
633.6470947265625,65.61555480957031,5.086181640625,436.68682861328125,0.8109064102172852
520.0477905273438,111.85107421875,7.31024169921875,422.3553466796875,0.8080847263336182
614.4097290039062,95.08910369873047,5.47705078125,431.75042724609375,0.8013259172439575
157.55857849121094,168.2137908935547,15.817596435546875,31.361419677734375,0.7952920198440552
94.76593780517578,158.95831298828125,23.84929656982422,89.62615966796875,0.7707518935203552
590.3392333984375,49.127925872802734,6.16375732421875,427.5490417480469,0.7651556730270386
171.24526977539062,134.472900390625,9.827392578125,349.50762939453125,0.7649431824684143
632.6851806640625,-111.01920318603516,8.31396484375,428.7748107910156,0.7596261501312256
460.9322814941406,101.66928100585938,8.073486328125,395.6316833496094,0.7580597400665283
