527.773681640625,117.07935333251953,6.9727783203125,420.991943359375,0.8421220183372498
341.6278381347656,187.55418395996094,15.583953857421875,24.388824462890625,0.8032934069633484
164.45733642578125,146.10252380371094,10.410995483398438,331.906494140625,0.8028648495674133
634.0918579101562,62.96751022338867,4.9588623046875,441.7706298828125,0.8005778193473816
601.54345703125,98.1487808227539,6.44891357421875,419.9617614746094,0.7853455543518066
102.86235809326172,133.4401397705078,17.50379180908203,280.15338134765625,0.773726761341095
632.2738037109375,131.62403869628906,13.15826416015625,248.26637268066406,0.7694692611694336
596.0283813476562,106.8099136352539,18.6102294921875,261.8000793457031,0.7545732855796814
25.176589965820312,183.55215454101562,19.073028564453125,32.361114501953125,0.7518254518508911
637.87548828125,50.55766677856445,4.0166015625,452.6788024902344,0.7514716982841492
