284.6219177246094,184.32666015625,17.938629150390625,32.602386474609375,0.9777682423591614
287.8176574707031,183.35873413085938,16.1861572265625,31.466567993164062,0.9122492671012878
260.4932861328125,186.3687286376953,31.55645751953125,25.240768432617188,0.9002559185028076
526.3777465820312,125.18479919433594,7.46160888671875,416.6243896484375,0.829131007194519
623.5011596679688,86.84078979492188,5.0283203125,452.6761779785156,0.8186432719230652
635.0866088867188,87.89257049560547,9.08319091796875,339.3670349121094,0.8010607957839966
158.33457946777344,120.94020080566406,14.681198120117188,319.849853515625,0.7925742268562317
120.8653335571289,138.53338623046875,11.256523132324219,334.99249267578125,0.7910019159317017
19.75061798095703,179.943603515625,22.439594268798828,54.23773193359375,0.7900564074516296
583.9881591796875,83.93199920654297,6.134033203125,435.88604736328125,0.7892022728919983
