454.82061767578125,122.99005126953125,8.4794921875,397.25152587890625,0.8062388300895691
159.87794494628906,140.3436279296875,11.558807373046875,346.23370361328125,0.7958012819290161
619.5789794921875,201.9253387451172,15.39990234375,48.962432861328125,0.7956536412239075
575.6531982421875,105.79297637939453,7.7979736328125,402.113037109375,0.7912189960479736
576.7355346679688,181.06280517578125,7.67816162109375,417.1282958984375,0.7841946482658386
602.90625,161.97512817382812,24.58502197265625,141.93792724609375,0.7791465520858765
634.9620361328125,82.2890396118164,6.019287109375,425.8664245605469,0.7775368690490723
632.7112426757812,77.3255844116211,5.5062255859375,432.0519714355469,0.7737441658973694
160.77566528320312,126.46426391601562,13.409378051757812,314.46600341796875,0.7527042627334595
564.0206298828125,90.37657928466797,7.22015380859375,423.30792236328125,0.7492044568061829
