104.06156921386719,198.9472198486328,17.47247314453125,34.1226806640625,0.9905067086219788
604.9573364257812,103.33704376220703,6.51055908203125,425.52764892578125,0.8172246813774109
291.9818115234375,137.43948364257812,8.54962158203125,373.42169189453125,0.8125637769699097
522.9981079101562,126.86808776855469,8.19293212890625,417.32098388671875,0.8077043294906616
635.3726196289062,82.6926040649414,5.78167724609375,431.3963317871094,0.7932212352752686
622.0697631835938,93.416259765625,8.57391357421875,393.0339660644531,0.788796067237854
630.2935180664062,76.05084228515625,6.836669921875,431.18634033203125,0.7848101854324341
567.5841674804688,198.00595092773438,10.07672119140625,407.0357971191406,0.7814294695854187
637.6927490234375,51.53789520263672,4.3460693359375,450.231689453125,0.7720118165016174
626.1396484375,182.73577880859375,13.350341796875,85.44564819335938,0.7575646042823792
