627.5809936523438,77.50241088867188,6.22491455078125,401.6529541015625,0.8253973126411438
536.36474609375,119.40565490722656,6.55206298828125,420.14276123046875,0.8240218162536621
620.447265625,201.7115020751953,15.9124755859375,54.17164611816406,0.82088303565979
177.0164794921875,137.53707885742188,10.70428466796875,352.33734130859375,0.8086131811141968
588.679931640625,99.3293228149414,7.139404296875,415.1503601074219,0.8034546971321106
519.4805297851562,193.02137756347656,16.01654052734375,36.44810485839844,0.7919180393218994
583.3098754882812,184.5966796875,8.11627197265625,424.561767578125,0.7902405858039856
636.1091918945312,86.30842590332031,4.1163330078125,453.6810302734375,0.788876473903656
631.4075317382812,-54.49015808105469,16.69757080078125,388.44952392578125,0.781552255153656
562.9099731445312,87.7350845336914,6.74658203125,419.8147888183594,0.768997311592102
