550.046142578125,190.55899047851562,17.92926025390625,39.828704833984375,0.9460743069648743
528.4589233398438,189.20509338378906,16.35089111328125,37.76776123046875,0.863868772983551
557.5067749023438,116.48072814941406,5.854736328125,425.8133544921875,0.8117703795433044
600.0099487304688,98.5667724609375,6.320556640625,420.9154052734375,0.7984489798545837
489.0050048828125,186.28587341308594,18.58941650390625,36.154541015625,0.7957460880279541
630.3839721679688,67.82811737060547,5.8807373046875,424.7259826660156,0.793316125869751
636.264404296875,81.75713348388672,3.8248291015625,451.68548583984375,0.7911649346351624
232.2322998046875,139.1492919921875,9.302032470703125,355.1215515136719,0.7885910272598267
619.5828857421875,166.77749633789062,12.42449951171875,125.04837036132812,0.7812018990516663
635.1756591796875,80.0916748046875,5.8958740234375,426.48358154296875,0.7666603922843933
