256.3282470703125,193.697265625,11.31903076171875,20.864120483398438,0.9835441708564758
218.939453125,192.34671020507812,15.348892211914062,24.402267456054688,0.9151572585105896
516.228271484375,182.0110626220703,19.445068359375,39.67808532714844,0.8746234774589539
627.0012817382812,79.72968292236328,8.30120849609375,432.0669250488281,0.827845573425293
632.896240234375,129.52268981933594,11.8643798828125,244.17686462402344,0.821585476398468
635.4159545898438,-153.2529296875,6.5035400390625,453.7367858886719,0.8165960907936096
630.955810546875,-58.067623138427734,17.62786865234375,387.1173095703125,0.8103089332580566
447.9317626953125,124.50120544433594,10.2540283203125,408.28302001953125,0.8093791604042053
452.2743225097656,181.92796325683594,17.433319091796875,34.8916015625,0.806644856929779
211.52682495117188,195.24778747558594,14.190032958984375,24.988327026367188,0.7906585931777954
