248.20187377929688,191.6616973876953,13.783355712890625,22.335464477539062,0.9196469783782959
457.6185302734375,183.78675842285156,18.436492919921875,35.48724365234375,0.8548303842544556
242.2037353515625,193.42678833007812,12.620849609375,22.06182861328125,0.846537709236145
232.35345458984375,194.11196899414062,13.083038330078125,23.354812622070312,0.8366689085960388
634.5321044921875,104.06562042236328,9.70281982421875,303.6383056640625,0.8136173486709595
601.283935546875,98.27510833740234,6.759765625,429.1412658691406,0.7987110614776611
432.3632507324219,123.16121673583984,10.1556396484375,403.4729309082031,0.7983414530754089
177.86947631835938,136.6852569580078,10.793533325195312,349.371337890625,0.7916422486305237
451.28253173828125,182.88966369628906,17.200714111328125,34.34117126464844,0.7828554511070251
636.3937377929688,-161.41407775878906,5.93328857421875,463.6566162109375,0.7723602056503296
