634.6331176757812,95.9830551147461,9.90045166015625,330.7513122558594,0.8356776237487793
340.18402099609375,188.9772491455078,15.1580810546875,33.05073547363281,0.8147653341293335
295.24072265625,189.69100952148438,15.30291748046875,27.03228759765625,0.8087155818939209
593.8970336914062,180.67730712890625,7.12469482421875,426.82269287109375,0.80317223072052
207.95040893554688,132.5979766845703,10.24298095703125,362.32135009765625,0.8012417554855347
483.30792236328125,124.36404418945312,8.2327880859375,402.0815734863281,0.7988519072532654
625.71728515625,83.55545806884766,4.93988037109375,453.3747863769531,0.7817997932434082
233.3452606201172,117.40230560302734,11.5277099609375,338.94744873046875,0.7795215249061584
301.5924377441406,193.4582977294922,14.11920166015625,27.10321044921875,0.7745087146759033
635.309814453125,81.1192855834961,5.90228271484375,428.4347229003906,0.7688916325569153
