166.38914489746094,175.2012481689453,12.813262939453125,35.11053466796875,0.9746700525283813
634.9420166015625,72.78133392333984,8.43206787109375,331.07159423828125,0.8339858055114746
590.9877319335938,88.33436584472656,6.2691650390625,414.924560546875,0.8152468204498291
487.8669738769531,116.75337219238281,7.805023193359375,406.89666748046875,0.814174473285675
606.3233032226562,177.7760467529297,6.19622802734375,435.0018310546875,0.8022254705429077
127.62918090820312,171.2140350341797,28.805999755859375,56.10523986816406,0.7996717691421509
163.9473876953125,177.75137329101562,13.955123901367188,35.32666015625,0.7918197512626648
156.83863830566406,128.13998413085938,11.03839111328125,351.0621032714844,0.7832134962081909
73.28292083740234,156.03062438964844,29.111228942871094,103.71592712402344,0.780857503414154
111.82965087890625,172.5668487548828,22.455612182617188,41.05601501464844,0.7802565693855286
