495.93096923828125,147.79556274414062,20.9161376953125,40.28106689453125,0.8400301337242126
635.6243286132812,46.99430465698242,7.99530029296875,385.59918212890625,0.8313581347465515
173.11753845214844,167.89015197753906,16.128204345703125,33.42198181152344,0.8260157704353333
601.9833984375,169.9114990234375,6.01580810546875,432.37701416015625,0.8251116871833801
473.66552734375,116.35464477539062,7.3919677734375,398.0874328613281,0.816185474395752
600.5214233398438,90.76588439941406,5.7479248046875,419.24298095703125,0.8137527704238892
166.51930236816406,102.07250213623047,13.516952514648438,334.011474609375,0.8060474395751953
170.0583038330078,135.58056640625,10.17987060546875,340.6474609375,0.7934509515762329
161.77481079101562,139.43386840820312,27.800827026367188,133.90530395507812,0.7769533395767212
42.71982192993164,161.3610076904297,25.103755950927734,69.05061340332031,0.7675395607948303
