564.8759765625,116.56956481933594,6.18499755859375,431.3931884765625,0.8364436626434326
564.1901245117188,-62.980186462402344,9.5413818359375,378.2110900878906,0.8312376141548157
603.2010498046875,88.48634338378906,6.1341552734375,423.15087890625,0.818911075592041
330.04486083984375,130.80401611328125,8.668365478515625,378.73748779296875,0.8105975985527039
183.84811401367188,168.8058319091797,15.2703857421875,23.767257690429688,0.8006886839866638
146.88134765625,119.59786987304688,16.238388061523438,306.0754089355469,0.7970222234725952
104.23130798339844,166.5452117919922,22.4951171875,49.406402587890625,0.7844520807266235
570.7573852539062,218.4052734375,10.829345703125,371.98907470703125,0.7786608934402466
637.22998046875,63.69785690307617,4.08831787109375,452.4157409667969,0.7749246954917908
281.2508544921875,126.88172149658203,11.83697509765625,319.68316650390625,0.7589143514633179
