183.41152954101562,175.23800659179688,17.175201416015625,35.37452697753906,0.8648908734321594
204.45339965820312,174.4350128173828,16.298370361328125,33.99012756347656,0.8607190847396851
589.0554809570312,92.04012298583984,6.50750732421875,411.3092346191406,0.8099780082702637
579.5267333984375,170.2228546142578,6.8548583984375,416.393310546875,0.798132061958313
242.93312072753906,112.23226165771484,25.799179077148438,207.251708984375,0.7979195713996887
434.09857177734375,112.60000610351562,8.522430419921875,394.5854187011719,0.797419548034668
635.2490234375,105.63480377197266,8.32550048828125,274.95697021484375,0.7935472726821899
571.6779174804688,172.96653747558594,33.66644287109375,86.87794494628906,0.792331874370575
198.20167541503906,171.40232849121094,18.519851684570312,37.892669677734375,0.7922964096069336
182.9905548095703,130.47706604003906,10.409271240234375,349.2685546875,0.7885023355484009
