541.0021362304688,114.65582275390625,6.39471435546875,422.81658935546875,0.8215296268463135
598.5720825195312,92.67103576660156,6.18096923828125,419.7435302734375,0.8010897636413574
218.82102966308594,131.1921844482422,9.384201049804688,360.85430908203125,0.7886313199996948
183.6227264404297,116.48924255371094,13.510894775390625,320.20538330078125,0.7856628894805908
632.2051391601562,74.94525146484375,5.22760009765625,424.2502136230469,0.7791405320167542
185.58163452148438,139.65695190429688,23.079681396484375,155.38336181640625,0.777759850025177
580.943359375,184.69033813476562,7.784423828125,410.5120544433594,0.7708125710487366
38.57804489135742,180.327392578125,26.052433013916016,65.60276794433594,0.7635536193847656
264.9870910644531,155.13885498046875,25.0992431640625,128.07308959960938,0.7584193348884583
585.6658935546875,47.083984375,7.3682861328125,428.65521240234375,0.7568590044975281
