501.4154357910156,179.85134887695312,12.019866943359375,26.64129638671875,0.9211093187332153
493.2054138183594,181.3657989501953,10.956024169921875,25.286407470703125,0.8514517545700073
622.97802734375,81.9148178100586,6.17608642578125,370.59051513671875,0.8304533958435059
593.6358032226562,165.2816925048828,7.25262451171875,440.0853271484375,0.8277276754379272
580.6553955078125,85.83964538574219,7.501220703125,422.191650390625,0.8254916071891785
447.98687744140625,108.5213623046875,8.06060791015625,402.6535949707031,0.8184312582015991
363.44219970703125,180.95388793945312,17.792510986328125,27.584075927734375,0.7971357107162476
246.58358764648438,124.68885803222656,9.577117919921875,378.2955322265625,0.7875652313232422
632.4354248046875,71.49119567871094,4.5128173828125,443.7666015625,0.7853037118911743
134.31932067871094,108.64900207519531,13.609710693359375,314.09381103515625,0.7810973525047302
