108.1436767578125,122.20137023925781,16.252975463867188,284.881591796875,0.8189693689346313
583.088623046875,96.01264190673828,6.81317138671875,399.9160461425781,0.8182538747787476
497.6429748535156,122.84173583984375,6.892547607421875,393.55084228515625,0.8077059388160706
168.83615112304688,133.75558471679688,10.7447509765625,339.69708251953125,0.8047277927398682
604.400390625,177.99546813964844,5.63043212890625,421.787353515625,0.8037225604057312
635.493896484375,32.58743667602539,4.71270751953125,428.9627380371094,0.7712937593460083
59.9373779296875,166.6659393310547,25.584915161132812,38.31639099121094,0.7637773752212524
18.892499923706055,163.0938720703125,19.996305465698242,41.83534240722656,0.7597799897193909
635.3652954101562,66.44052124023438,3.63275146484375,453.0487365722656,0.7588605284690857
428.8700866699219,42.34353256225586,24.912261962890625,222.75689697265625,0.7484462261199951
