49.599151611328125,161.88499450683594,16.813064575195312,39.557159423828125,0.9812825918197632
268.3956604003906,146.8507843017578,12.09234619140625,359.3651123046875,0.8062142133712769
552.8109130859375,129.1470184326172,6.55938720703125,418.879150390625,0.7920603156089783
10.165728569030762,164.56776428222656,24.621021270751953,55.80177307128906,0.7886496782302856
636.9327392578125,52.653621673583984,5.8607177734375,411.13623046875,0.787564218044281
527.2615356445312,57.379573822021484,9.06341552734375,382.83184814453125,0.7858783602714539
496.6308288574219,90.72339630126953,8.28314208984375,378.4818115234375,0.7776234745979309
594.258544921875,94.30265045166016,7.03515625,414.2616271972656,0.7745130062103271
158.09469604492188,118.1042709350586,16.441116333007812,319.1330871582031,0.7647839784622192
15.852794647216797,164.0946502685547,22.52096176147461,63.06578063964844,0.7633477449417114
