594.6156616210938,117.78877258300781,4.765380859375,440.00933837890625,0.8252349495887756
260.4645080566406,95.98995208740234,10.738616943359375,362.62841796875,0.8207852244377136
625.3931274414062,85.83961486816406,4.02069091796875,445.32574462890625,0.781110405921936
477.11029052734375,115.83169555664062,20.499267578125,150.70919799804688,0.7790733575820923
595.1609497070312,40.217098236083984,5.5518798828125,433.61785888671875,0.7780717611312866
413.8998718261719,141.0655517578125,6.71051025390625,390.7623291015625,0.7734507918357849
468.5098876953125,100.8415756225586,7.2896728515625,392.11248779296875,0.7690826058387756
636.0612182617188,25.584999084472656,3.9747314453125,450.9918518066406,0.7603285312652588
68.83189392089844,139.28636169433594,22.58293914794922,78.89537048339844,0.7527653574943542
602.48583984375,74.00489044189453,4.706298828125,442.9921875,0.7519539594650269
