610.9229736328125,125.97109985351562,4.19757080078125,441.0271301269531,0.8053640127182007
285.13079833984375,89.33209228515625,9.918487548828125,374.5903015136719,0.7966983914375305
601.497314453125,36.42731475830078,5.17333984375,438.4306640625,0.7819388508796692
629.2236328125,83.6654052734375,3.63348388671875,448.7430419921875,0.7588275074958801
589.774169921875,65.20916748046875,14.75518798828125,248.06304931640625,0.7516428232192993
505.74334716796875,100.00589752197266,6.5308837890625,398.6359558105469,0.7490736246109009
422.3681945800781,151.31443786621094,6.614227294921875,380.729736328125,0.7435944676399231
603.4171142578125,-0.21313190460205078,7.022216796875,394.6128234863281,0.733661949634552
608.9075317382812,73.71404266357422,4.42169189453125,444.26190185546875,0.7302849888801575
636.8790283203125,19.673967361450195,3.48834228515625,455.5766296386719,0.7299444079399109
