600.0291137695312,121.3067855834961,4.85760498046875,439.7987365722656,0.8116407990455627
238.31922912597656,111.10517883300781,12.146636962890625,340.35406494140625,0.7813215255737305
331.7169494628906,158.076904296875,7.822418212890625,353.7875061035156,0.7714837193489075
613.3504638671875,37.090057373046875,4.73077392578125,444.651611328125,0.7699898481369019
575.92138671875,-0.41988372802734375,9.52294921875,371.4468688964844,0.7561721205711365
493.2762451171875,106.83341217041016,7.389984130859375,391.8047790527344,0.751955509185791
624.59765625,90.9289321899414,4.298583984375,436.0014953613281,0.7501741051673889
368.09796142578125,70.13217163085938,21.154693603515625,226.12173461914062,0.7416844367980957
601.9530029296875,78.78411865234375,4.93255615234375,438.15557861328125,0.7376797199249268
439.7132873535156,113.44029998779297,23.228302001953125,155.3895263671875,0.7333424091339111
