572.862548828125,132.7321319580078,5.80389404296875,417.09466552734375,0.8113691806793213
159.2857208251953,111.76324462890625,12.950210571289062,321.92962646484375,0.789283037185669
586.6869506835938,45.21187210083008,5.83917236328125,421.7083740234375,0.7803943753242493
285.39520263671875,157.5343017578125,8.614501953125,346.5298767089844,0.7615655660629272
624.1504516601562,68.42772674560547,10.16497802734375,345.3985290527344,0.7587877511978149
530.7489013671875,61.820125579833984,16.18963623046875,272.5125732421875,0.7286853194236755
638.0225219726562,38.9274787902832,3.7471923828125,448.7596740722656,0.7212504148483276
322.87603759765625,89.0057144165039,19.668212890625,188.89959716796875,0.7207778096199036
593.6156005859375,79.76046752929688,5.12030029296875,432.1574401855469,0.7188214063644409
628.3743896484375,86.62051391601562,3.84906005859375,442.1448059082031,0.7182250022888184
