634.3704833984375,102.49504852294922,9.730712890625,278.46392822265625,0.8301966786384583
480.2674560546875,118.75144958496094,7.971343994140625,403.890380859375,0.8232042789459229
169.15106201171875,134.75314331054688,10.39398193359375,346.0426330566406,0.7921585440635681
25.703744888305664,180.43304443359375,23.539644241333008,52.308685302734375,0.7916601300239563
597.5701293945312,96.584716796875,6.30108642578125,416.118408203125,0.7791698575019836
636.7533569335938,86.23651123046875,3.71185302734375,454.2403564453125,0.775973379611969
97.10166931152344,127.38330078125,16.934127807617188,288.65545654296875,0.7649189829826355
637.6484375,46.928958892822266,4.33984375,437.8436279296875,0.7622997164726257
576.373779296875,189.22314453125,8.24005126953125,397.041748046875,0.7611324191093445
41.30635070800781,182.94537353515625,23.974273681640625,50.995330810546875,0.759178876876831
