543.3441772460938,166.35215759277344,20.433837890625,47.47322082519531,0.8348597288131714
563.7106323242188,188.55792236328125,8.04815673828125,394.18426513671875,0.8255428075790405
492.66595458984375,119.7463150024414,7.60589599609375,401.4664001464844,0.8249989748001099
157.92886352539062,119.63872528076172,14.17681884765625,317.0457763671875,0.8013642430305481
610.9386596679688,91.23507690429688,5.75250244140625,432.9393615722656,0.8006902933120728
631.9120483398438,71.4330062866211,5.8856201171875,426.9253234863281,0.7926294207572937
623.4349365234375,129.55191040039062,18.5264892578125,202.54229736328125,0.7911546230316162
149.2532958984375,137.21353149414062,10.454742431640625,342.5054626464844,0.7812541723251343
520.013671875,171.0663604736328,19.90472412109375,46.1524658203125,0.7694225907325745
630.9762573242188,-60.67945098876953,17.59552001953125,389.0316162109375,0.7647814750671387
