500.40557861328125,174.73265075683594,18.41094970703125,38.8995361328125,0.8273211717605591
521.141845703125,112.0652847290039,7.12158203125,420.5790710449219,0.8214370608329773
612.38623046875,90.387451171875,5.60400390625,434.5013427734375,0.795552670955658
204.16168212890625,136.0089874267578,9.740020751953125,350.0960693359375,0.7906627655029297
637.885009765625,103.02845764160156,3.85748291015625,452.5087890625,0.7764052748680115
632.592529296875,136.8062744140625,11.82550048828125,214.84811401367188,0.7737784385681152
635.6319580078125,-151.97125244140625,6.937255859375,453.5470886230469,0.7716114521026611
205.19500732421875,112.2746353149414,14.2003173828125,342.4793395996094,0.7706907391548157
546.440673828125,214.49810791015625,10.4088134765625,374.35858154296875,0.7666789293289185
635.5975341796875,71.67727661132812,3.8614501953125,452.5412292480469,0.7664046287536621
