597.970458984375,178.3800506591797,18.36566162109375,40.87944030761719,0.7945706844329834
631.3272705078125,68.7574462890625,5.318603515625,416.6038818359375,0.790745198726654
568.9363403320312,115.95936584472656,6.0482177734375,430.77618408203125,0.7899868488311768
272.395263671875,130.35678100585938,9.301055908203125,370.8162841796875,0.7815223336219788
573.4440307617188,107.04447174072266,8.08740234375,387.4436340332031,0.7813708782196045
566.6812133789062,82.55819702148438,6.55743408203125,413.89984130859375,0.7568889856338501
620.1903686523438,175.6771240234375,14.9759521484375,41.82649230957031,0.7535659074783325
561.2308959960938,177.372314453125,17.76190185546875,35.011444091796875,0.7500201463699341
470.1499938964844,89.84033966064453,55.737945556640625,156.63140869140625,0.7450461387634277
637.2601928710938,73.69416809082031,4.09686279296875,456.522216796875,0.7353571057319641
