599.1475830078125,191.54989624023438,16.2916259765625,38.929962158203125,0.8783923983573914
628.1376342773438,72.44744873046875,6.45440673828125,413.6255798339844,0.8341779112815857
600.2680053710938,187.2583770751953,16.68408203125,38.268402099609375,0.8339722156524658
620.4775390625,186.73402404785156,13.578125,42.14898681640625,0.8324245810508728
552.2079467773438,111.90361785888672,6.7684326171875,435.28314208984375,0.8186646699905396
574.7008666992188,102.82501983642578,8.93817138671875,407.5124816894531,0.8064712882041931
469.3056640625,219.4520263671875,11.97216796875,355.2076416015625,0.8017430901527405
554.4475708007812,186.93276977539062,18.44256591796875,39.645721435546875,0.790846586227417
271.2674255371094,136.46487426757812,8.644012451171875,370.18292236328125,0.7908028960227966
576.871826171875,84.43637084960938,7.01361083984375,436.2621154785156,0.7706028819084167
