623.9300537109375,82.07091522216797,6.9638671875,384.75372314453125,0.8560629487037659
621.5494995117188,12.059969902038574,35.447265625,280.8647155761719,0.8433173894882202
536.0684204101562,114.34149932861328,7.03759765625,424.52301025390625,0.8266633152961731
556.2857666015625,186.95083618164062,18.26220703125,40.554718017578125,0.8165374994277954
604.169189453125,189.31515502929688,19.1839599609375,41.96214294433594,0.8158673644065857
552.7063598632812,116.421142578125,8.77496337890625,373.0249328613281,0.8072431087493896
238.62350463867188,138.20484924316406,9.164093017578125,361.28240966796875,0.8032159805297852
544.7451171875,184.62545776367188,19.4141845703125,43.49644470214844,0.8023029565811157
609.6079711914062,98.27520751953125,8.342529296875,381.172607421875,0.7847320437431335
563.9966430664062,88.30052185058594,7.01287841796875,420.89208984375,0.7831916809082031
