599.7879638671875,190.2415771484375,18.11541748046875,38.44361877441406,0.8533052206039429
541.0708618164062,114.63725280761719,7.02886962890625,426.78289794921875,0.8217600584030151
558.7789306640625,187.52430725097656,18.5343017578125,39.62052917480469,0.814742386341095
569.6424560546875,107.13947296142578,8.71209716796875,393.2827453613281,0.8059560060501099
254.1048583984375,132.98829650878906,8.92535400390625,371.4530029296875,0.8023576736450195
622.3827514648438,184.72300720214844,13.06536865234375,43.20338439941406,0.8006235957145691
558.72119140625,90.02783966064453,7.42181396484375,418.79180908203125,0.7817188501358032
603.6521606445312,184.01063537597656,17.001953125,39.85560607910156,0.7767228484153748
446.63848876953125,102.71590423583984,70.76080322265625,153.21096801757812,0.7713468670845032
605.6351318359375,99.6982421875,8.89215087890625,375.69659423828125,0.7672576308250427
