60.86845016479492,186.6374053955078,19.49295425415039,35.90296936035156,0.9739322662353516
605.6435546875,189.57492065429688,16.6024169921875,40.7740478515625,0.837544858455658
559.09033203125,187.46258544921875,19.03546142578125,40.618316650390625,0.8217974901199341
255.68992614746094,139.64463806152344,8.884719848632812,360.99505615234375,0.8025950789451599
619.1481323242188,24.870258331298828,39.85174560546875,275.486328125,0.7942344546318054
555.542724609375,116.28307342529297,9.7813720703125,381.3316650390625,0.7902159094810486
635.8912353515625,89.1294937133789,4.27960205078125,447.2362976074219,0.7882649302482605
523.7410888671875,124.96928405761719,7.503662109375,412.71624755859375,0.7822055816650391
545.10693359375,87.2959213256836,7.67462158203125,414.350341796875,0.7724571824073792
456.1347961425781,95.39144134521484,52.051849365234375,171.05303955078125,0.7696012258529663
