614.5093994140625,187.89999389648438,16.5072021484375,52.0946044921875,0.8819767832756042
560.4596557617188,188.1029052734375,20.0736083984375,43.42987060546875,0.8548564314842224
281.569580078125,137.06277465820312,11.288818359375,374.0358581542969,0.8122864961624146
495.7174377441406,91.28878784179688,9.068511962890625,397.6661682128906,0.7979784607887268
522.2960815429688,118.87181091308594,8.17950439453125,425.2332763671875,0.7954540848731995
543.1471557617188,203.6641845703125,11.7071533203125,390.44384765625,0.7888613343238831
510.7783508300781,118.12480163574219,12.553497314453125,375.280029296875,0.7858859300613403
48.52629089355469,193.52403259277344,23.320640563964844,67.08491516113281,0.7850238680839539
207.67483520507812,122.61268615722656,18.461822509765625,340.6676025390625,0.7818301320075989
627.3239135742188,179.97653198242188,10.69171142578125,50.83253479003906,0.7658856511116028
