511.0522155761719,118.70642852783203,11.180267333984375,372.10302734375,0.8221444487571716
613.5907592773438,97.47869873046875,9.027587890625,359.3865661621094,0.8208807110786438
420.3262939453125,125.4561996459961,9.7362060546875,389.0312194824219,0.8084055781364441
477.1199951171875,203.95079040527344,11.66412353515625,368.93414306640625,0.796779990196228
465.4002380371094,99.4543228149414,10.375213623046875,391.2278137207031,0.7923637628555298
177.05694580078125,138.95042419433594,11.496658325195312,352.12091064453125,0.7878906726837158
634.8181762695312,84.1669921875,6.08856201171875,427.2303466796875,0.7733458876609802
637.662841796875,112.95650482177734,4.223876953125,449.8755798339844,0.7641618847846985
516.1693115234375,31.596250534057617,43.8623046875,249.39108276367188,0.7584322690963745
629.783935546875,178.70022583007812,13.7156982421875,130.88900756835938,0.7571548819541931
