628.764892578125,182.65011596679688,10.21820068359375,60.92864990234375,0.8510287404060364
611.41259765625,192.02090454101562,18.03106689453125,48.796112060546875,0.8425427079200745
577.0549926757812,193.92343139648438,23.9945068359375,43.51020812988281,0.818173348903656
52.40000915527344,163.93942260742188,34.30029296875,96.34591674804688,0.8164331316947937
538.681640625,194.5917205810547,10.9639892578125,397.26641845703125,0.8008087873458862
487.4593811035156,116.30895233154297,8.603668212890625,417.41656494140625,0.7984335422515869
156.53070068359375,186.0374755859375,23.140029907226562,44.81065368652344,0.7952418923377991
220.70541381835938,142.84927368164062,23.749664306640625,148.61190795898438,0.7902045845985413
615.945068359375,187.61302185058594,17.2830810546875,47.340057373046875,0.787919282913208
579.7869262695312,95.19416046142578,7.45355224609375,412.57916259765625,0.7827927470207214
