391.42718505859375,194.10401916503906,24.081878662109375,51.228240966796875,0.8405129313468933
294.66326904296875,187.79969787597656,17.803131103515625,29.442413330078125,0.8351048231124878
397.09661865234375,198.56356811523438,20.934844970703125,40.57173156738281,0.8251510858535767
462.77685546875,120.58525085449219,8.63555908203125,401.138916015625,0.8135793209075928
633.0455322265625,69.57604217529297,5.51348876953125,437.94586181640625,0.8050662875175476
182.56004333496094,132.2606201171875,11.021270751953125,357.77825927734375,0.7992175817489624
636.1436767578125,60.83373260498047,6.794189453125,430.23199462890625,0.7916167974472046
591.864501953125,98.51103973388672,6.9462890625,416.99163818359375,0.7908291816711426
563.8063354492188,188.5749969482422,8.478759765625,400.97174072265625,0.7878824472427368
631.4265747070312,83.71158599853516,6.40264892578125,428.3545837402344,0.7856955528259277
