426.1615295410156,191.2604522705078,29.85260009765625,74.30021667480469,0.8871284127235413
518.8215942382812,105.37492370605469,10.79241943359375,375.92303466796875,0.836785078048706
414.83062744140625,190.6136932373047,26.36322021484375,66.94822692871094,0.8314047455787659
524.2584838867188,179.66175842285156,10.38623046875,392.95819091796875,0.8309869766235352
339.17144775390625,119.83377075195312,10.33477783203125,372.1579284667969,0.8189560770988464
295.3868408203125,106.95623779296875,16.092987060546875,338.01727294921875,0.8062886595726013
634.0669555664062,123.9297866821289,9.761474609375,227.14566040039062,0.804927408695221
58.51481628417969,176.12789916992188,26.886093139648438,64.40153503417969,0.7993572354316711
62.52892303466797,140.32437133789062,14.013595581054688,309.12225341796875,0.7964717149734497
633.8472900390625,83.55741882324219,6.7091064453125,412.09246826171875,0.7899692058563232
