435.4720764160156,196.96377563476562,13.20831298828125,29.588272094726562,0.9526616930961609
425.867919921875,198.60501098632812,12.339111328125,28.121780395507812,0.8752182126045227
498.8276672363281,122.51719665527344,7.846527099609375,408.3975830078125,0.8144734501838684
206.43150329589844,138.046630859375,10.09063720703125,356.5107727050781,0.8122290968894958
607.2504272460938,98.1746826171875,6.29168701171875,432.04949951171875,0.8001509308815002
450.58343505859375,194.83547973632812,17.455352783203125,32.471527099609375,0.7891120910644531
624.4927368164062,99.73699188232422,8.87115478515625,400.1824645996094,0.7749801278114319
478.70306396484375,187.2265167236328,19.64599609375,36.164642333984375,0.7671300172805786
552.312255859375,96.55579376220703,7.67486572265625,414.7589111328125,0.7576978206634521
202.53134155273438,124.67488098144531,13.253936767578125,331.44207763671875,0.7566735744476318
