319.1000671386719,179.10089111328125,30.32684326171875,49.652679443359375,0.991531252861023
630.2919921875,-11.00423812866211,17.534912109375,336.5532531738281,0.8717520236968994
338.2069396972656,182.66380310058594,21.54449462890625,39.33079528808594,0.8666940927505493
630.6163940429688,72.20677185058594,6.0430908203125,422.814208984375,0.8477176427841187
532.6267700195312,110.40751647949219,12.13861083984375,391.25665283203125,0.8345468640327454
494.048095703125,118.92023468017578,8.461212158203125,415.24658203125,0.834129273891449
315.31121826171875,182.19093322753906,24.52947998046875,43.333770751953125,0.830959141254425
605.9113159179688,110.05575561523438,20.06640625,251.07101440429688,0.8193915486335754
636.0798950195312,56.014808654785156,7.2830810546875,374.5021057128906,0.8169074058532715
130.40487670898438,139.94125366210938,12.039871215820312,335.3766784667969,0.8097542524337769
