259.281005859375,187.27467346191406,20.96270751953125,37.54095458984375,0.9670212864875793
481.5859680175781,173.85433959960938,18.35577392578125,43.756744384765625,0.9483467936515808
556.4886474609375,171.95138549804688,24.906494140625,59.936737060546875,0.8846549391746521
161.14804077148438,160.48129272460938,19.888458251953125,319.7186279296875,0.861423909664154
23.4260196685791,191.267333984375,27.009702682495117,167.00701904296875,0.8494471311569214
578.9630126953125,176.956787109375,26.12481689453125,58.719207763671875,0.8421548008918762
478.1898498535156,189.75082397460938,46.858367919921875,169.38308715820312,0.8310936689376831
253.89163208007812,191.52017211914062,15.1282958984375,31.923309326171875,0.8308873772621155
31.59529685974121,160.08206176757812,20.637197494506836,285.1020812988281,0.8268824815750122
599.1039428710938,117.01325988769531,15.9486083984375,368.953125,0.8114705681800842
