223.0530548095703,186.3242645263672,11.365554809570312,23.741317749023438,0.9817133545875549
471.1306457519531,184.80580139160156,20.94390869140625,42.393524169921875,0.9148574471473694
486.91265869140625,184.00399780273438,22.151092529296875,41.65850830078125,0.8654245734214783
596.7272338867188,84.07189178466797,8.44744873046875,435.43408203125,0.8604476451873779
454.00628662109375,187.6650390625,20.17578125,41.99383544921875,0.8389495611190796
433.6899108886719,181.9635772705078,19.8623046875,42.03117370605469,0.8362411856651306
518.2886962890625,202.66290283203125,10.27001953125,385.6197509765625,0.8277450799942017
636.8997802734375,50.77729034423828,6.0264892578125,427.6534729003906,0.8208290934562683
424.73321533203125,120.84141540527344,10.119537353515625,401.201416015625,0.803127110004425
633.6436767578125,46.25530242919922,6.50799560546875,432.6708984375,0.7985594868659973
