568.0614013671875,183.2046356201172,22.7508544921875,57.04493713378906,0.9943646192550659
627.9558715820312,-14.040741920471191,22.981689453125,330.5821533203125,0.8266117572784424
384.3717956542969,130.0480499267578,10.220489501953125,381.77166748046875,0.799574077129364
623.2218017578125,175.9086151123047,14.28680419921875,78.15182495117188,0.7944756746292114
573.0819702148438,198.6724395751953,8.83355712890625,394.95404052734375,0.7917463779449463
72.6859359741211,138.7852783203125,12.838294982910156,321.80615234375,0.7907532453536987
81.66560363769531,143.5420684814453,17.03338623046875,255.30870056152344,0.785221517086029
620.5741577148438,94.85963439941406,7.97943115234375,373.0355224609375,0.7754254341125488
544.05322265625,113.4950180053711,9.35162353515625,376.7032165527344,0.7729684710502625
476.49505615234375,1.1530780792236328,21.0333251953125,278.0458984375,0.7727645635604858
