615.9924926757812,90.79582214355469,5.55743408203125,440.938232421875,0.8179035186767578
183.4278564453125,137.47560119628906,10.581466674804688,349.009765625,0.8145847320556641
544.5087280273438,119.86299896240234,7.10162353515625,427.5848693847656,0.8139976263046265
591.5626831054688,184.1611328125,8.37066650390625,424.259521484375,0.8013079762458801
633.7591552734375,84.57720184326172,6.7176513671875,418.7576904296875,0.7966622114181519
625.3541870117188,77.8846664428711,8.22406005859375,413.08819580078125,0.7943564057350159
634.399169921875,106.48294067382812,9.85205078125,283.5594177246094,0.7839775681495667
564.7618408203125,87.11248779296875,6.79693603515625,422.7085876464844,0.7800604701042175
628.3370361328125,81.59053802490234,7.0819091796875,411.8281555175781,0.7765125632286072
636.4918212890625,94.39073944091797,4.27392578125,457.04840087890625,0.7536464333534241
