164.25254821777344,180.91082763671875,16.426620483398438,36.234161376953125,0.8437803983688354
474.4140319824219,117.40509796142578,7.851409912109375,401.01715087890625,0.8162288069725037
557.8793334960938,182.39151000976562,9.00274658203125,409.2716369628906,0.8149646520614624
123.34840393066406,138.87020874023438,11.121490478515625,332.744140625,0.8053193092346191
535.8121948242188,105.45128631591797,9.52545166015625,383.0601806640625,0.7982385754585266
103.78462982177734,120.92012023925781,16.79059600830078,293.19537353515625,0.7708665132522583
631.416015625,172.57772827148438,11.74322509765625,124.36065673828125,0.7688663005828857
449.8899841308594,95.70512390136719,10.263153076171875,373.92083740234375,0.7625829577445984
629.5940551757812,-54.95792007446289,20.3387451171875,376.1126708984375,0.7613757252693176
190.50836181640625,183.24884033203125,15.072174072265625,31.284332275390625,0.7525973320007324
