581.6754150390625,184.95849609375,7.47900390625,412.0106201171875,0.8204542398452759
592.4784545898438,98.54502868652344,6.49530029296875,409.83642578125,0.8197664618492126
431.82745361328125,122.88314056396484,8.21124267578125,383.12103271484375,0.8170868754386902
149.32017517089844,139.15814208984375,10.896804809570312,335.3856506347656,0.8135204315185547
116.22590637207031,124.27809143066406,15.773178100585938,291.1134033203125,0.7963086366653442
553.1795654296875,-12.572221755981445,24.1468505859375,309.481689453125,0.7945318222045898
508.53436279296875,91.67874908447266,8.41229248046875,402.12127685546875,0.7631268501281738
628.7317504882812,176.40708923339844,12.35040283203125,84.66853332519531,0.7493858933448792
91.25212097167969,179.32730102539062,17.796798706054688,37.10111999511719,0.7395831942558289
636.45849609375,62.11469650268555,6.39520263671875,406.0196838378906,0.7334240674972534
