574.7257690429688,96.64787292480469,7.35150146484375,402.4896240234375,0.8265889883041382
593.03857421875,177.40093994140625,6.5660400390625,421.70440673828125,0.8252589702606201
357.6610107421875,119.36044311523438,9.590911865234375,376.2495422363281,0.8213321566581726
628.7168579101562,75.69627380371094,5.75958251953125,396.5926513671875,0.8173768520355225
142.58103942871094,116.13641357421875,13.658203125,304.78179931640625,0.7977861166000366
101.93669128417969,133.6527099609375,12.460746765136719,331.80255126953125,0.7933613061904907
395.0726318359375,100.07395935058594,11.3956298828125,355.636474609375,0.7737209796905518
636.5932006835938,69.67550659179688,4.51513671875,441.7506408691406,0.7622515559196472
128.68751525878906,177.58201599121094,17.921524047851562,30.83135986328125,0.7483934164047241
20.239574432373047,178.9027099609375,25.995922088623047,47.44737243652344,0.741479754447937
