586.2237548828125,174.1278839111328,20.4552001953125,53.86384582519531,0.8659834861755371
462.1949462890625,171.677490234375,18.019775390625,41.638031005859375,0.8482620716094971
275.3725891113281,139.2659149169922,9.129302978515625,358.58673095703125,0.8358692526817322
579.505126953125,123.32849884033203,5.5872802734375,426.0906982421875,0.8300089240074158
422.01483154296875,172.0308074951172,17.375579833984375,39.63429260253906,0.8296548128128052
168.26492309570312,173.77914428710938,14.2889404296875,26.034881591796875,0.8249043822288513
522.582763671875,9.575700759887695,20.83587646484375,274.1137390136719,0.8189584612846375
630.6945190429688,68.68636322021484,5.80389404296875,414.5860595703125,0.8171313405036926
450.44384765625,172.25238037109375,18.7686767578125,43.985992431640625,0.8080639243125916
143.76272583007812,173.36512756347656,15.328903198242188,29.138656616210938,0.8060193657875061
