57.46049880981445,171.7689666748047,12.279796600341797,34.1688232421875,0.9814153909683228
409.68377685546875,114.1125717163086,11.38677978515625,324.0924377441406,0.8168210983276367
123.00360107421875,142.1964569091797,10.89202880859375,321.52215576171875,0.8095846772193909
636.9486083984375,60.0301399230957,5.3055419921875,410.9650573730469,0.7877324223518372
254.5989990234375,145.1297149658203,11.464385986328125,165.3786163330078,0.7724210023880005
625.8545532226562,81.17060852050781,11.4517822265625,318.212890625,0.7613099813461304
384.94683837890625,154.33694458007812,12.038330078125,343.86956787109375,0.7579797506332397
436.70086669921875,147.47213745117188,27.259979248046875,251.8203125,0.7481661438941956
24.277849197387695,170.81646728515625,18.7012996673584,38.352020263671875,0.7468320727348328
459.78387451171875,163.4108428955078,20.30462646484375,44.46293640136719,0.7422165870666504
