552.9541015625,110.24542999267578,5.8963623046875,424.03948974609375,0.8272574543952942
165.14181518554688,166.89706420898438,15.626251220703125,30.232818603515625,0.8165503740310669
102.94422912597656,159.87844848632812,22.482452392578125,82.11216735839844,0.800532341003418
208.98435974121094,134.2019805908203,9.663467407226562,349.5159912109375,0.7957245707511902
143.09945678710938,103.3561019897461,14.909713745117188,322.82598876953125,0.7910258173942566
580.0897216796875,98.27632141113281,6.2801513671875,387.50103759765625,0.7864891290664673
635.150146484375,59.862525939941406,4.04425048828125,452.1356201171875,0.7822369933128357
44.28961181640625,162.9619903564453,20.89306640625,61.435699462890625,0.7805607914924622
70.59645080566406,161.7757568359375,19.185867309570312,41.41307067871094,0.7773769497871399
78.65769958496094,163.59373474121094,18.464645385742188,40.05589294433594,0.774996280670166
