145.07569885253906,189.2648162841797,19.00909423828125,35.44807434082031,0.987500011920929
542.7531127929688,103.29329681396484,10.1534423828125,392.7135925292969,0.8422175645828247
504.71453857421875,113.85440826416016,8.0318603515625,420.6508483886719,0.8195916414260864
300.4919738769531,123.96806335449219,9.911712646484375,382.06317138671875,0.8176152110099792
513.3485717773438,88.6242904663086,8.3212890625,401.1918640136719,0.8006249666213989
30.312559127807617,173.70896911621094,22.936132431030273,82.87187194824219,0.7948428988456726
421.97344970703125,96.8052978515625,14.193511962890625,306.1593017578125,0.7871290445327759
280.43511962890625,190.78427124023438,14.9761962890625,26.312713623046875,0.7817424535751343
77.3722915649414,182.19020080566406,25.536705017089844,43.73460388183594,0.7736881971359253
10.143394470214844,179.96923828125,29.367294311523438,78.86740112304688,0.7711549997329712
