286.65234375,181.9396514892578,38.40875244140625,76.15345764160156,0.9970593452453613
301.973388671875,190.43321228027344,23.591064453125,46.42250061035156,0.8629981875419617
329.33343505859375,194.3865203857422,16.24578857421875,30.593841552734375,0.832854151725769
372.577880859375,188.48033142089844,35.708099365234375,93.51597595214844,0.8279209733009338
572.0484008789062,103.03446197509766,8.9703369140625,407.1369934082031,0.8152873516082764
74.28547668457031,191.48544311523438,19.227828979492188,38.8043212890625,0.8148336410522461
292.7725830078125,187.37319946289062,21.72979736328125,43.80033874511719,0.8128727078437805
289.2334289550781,185.2628936767578,28.560516357421875,67.99142456054688,0.8122795820236206
16.97014617919922,185.32481384277344,24.81829071044922,51.21104431152344,0.8099984526634216
537.0706176757812,182.23477172851562,22.32415771484375,50.355010986328125,0.8089620471000671
