117.28341674804688,198.03952026367188,13.56951904296875,27.834686279296875,0.981425404548645
134.69984436035156,195.4691925048828,13.964431762695312,28.206741333007812,0.8828850984573364
467.7851867675781,125.19417572021484,9.838104248046875,409.1213684082031,0.8146687150001526
71.72492218017578,198.96755981445312,16.59821319580078,33.03581237792969,0.7998039722442627
354.5830993652344,121.00762176513672,9.383392333984375,402.70843505859375,0.7985567450523376
39.494747161865234,190.94210815429688,23.043010711669922,49.80528259277344,0.7846283912658691
75.10051727294922,196.7832794189453,17.485939025878906,34.489715576171875,0.7834412455558777
598.4207763671875,102.67462158203125,7.6285400390625,420.8375244140625,0.7748188972473145
70.3297119140625,191.9466552734375,24.713165283203125,67.64443969726562,0.7735882997512817
319.1253356933594,193.8564453125,15.174163818359375,31.892425537109375,0.7735137343406677
