625.5936279296875,79.76240539550781,8.24456787109375,405.79827880859375,0.8562042713165283
593.5167236328125,99.43412017822266,8.2352294921875,416.9284973144531,0.8506057858467102
44.5988883972168,185.18504333496094,18.497276306152344,39.407196044921875,0.849574625492096
388.9302062988281,121.36715698242188,9.873443603515625,388.4765319824219,0.8416061997413635
128.96807861328125,143.90296936035156,12.172348022460938,328.15325927734375,0.8291206359863281
447.24493408203125,180.7056427001953,16.14031982421875,33.79045104980469,0.8267834782600403
542.7770385742188,196.082275390625,11.78692626953125,393.31732177734375,0.8261623382568359
451.3168640136719,180.173095703125,16.9024658203125,37.58953857421875,0.7938843965530396
160.58197021484375,181.9988250732422,17.882965087890625,33.64964294433594,0.7881444692611694
221.20684814453125,182.4051513671875,16.920013427734375,33.6431884765625,0.7826167941093445
