484.82427978515625,191.57032775878906,18.5738525390625,37.5714111328125,0.9456834197044373
561.9702758789062,116.8818588256836,5.85400390625,429.2465515136719,0.8409454226493835
633.4890747070312,69.15913391113281,4.9212646484375,435.6102294921875,0.8284147381782532
605.4324951171875,93.66256713867188,6.43511962890625,431.2837219238281,0.8200107216835022
147.58287048339844,132.51260375976562,14.561843872070312,300.205078125,0.8097458481788635
109.59794616699219,141.15855407714844,11.382049560546875,323.63916015625,0.8054079413414001
636.5951538085938,102.96661376953125,5.8233642578125,439.216796875,0.795166552066803
45.4708251953125,186.6089630126953,24.836631774902344,36.946929931640625,0.7891148328781128
634.4072265625,94.71764373779297,10.06719970703125,326.6805419921875,0.7889419794082642
431.1988525390625,103.37250518798828,10.516815185546875,364.67657470703125,0.7831209301948547
