439.0926818847656,162.9440460205078,14.65179443359375,35.36427307128906,0.8506484627723694
554.60888671875,112.836669921875,7.711669921875,363.5165100097656,0.8265479803085327
485.55938720703125,128.54937744140625,6.9661865234375,381.6622314453125,0.8190801739692688
130.87240600585938,140.77392578125,10.691986083984375,316.55328369140625,0.8082851767539978
60.42875671386719,136.59109497070312,19.327476501464844,244.70794677734375,0.8065725564956665
387.88580322265625,104.16419219970703,11.24261474609375,341.98040771484375,0.805637538433075
394.4673156738281,163.32164001464844,17.949310302734375,35.594268798828125,0.8054731488227844
630.5499267578125,67.19361114501953,5.07470703125,403.92254638671875,0.801189661026001
31.398834228515625,168.41729736328125,18.037273406982422,40.04719543457031,0.8002561926841736
518.1517333984375,160.110107421875,18.50299072265625,40.45420837402344,0.7963827848434448
