488.0384521484375,174.86505126953125,15.893310546875,37.072021484375,0.9473826289176941
513.2457885742188,174.1585693359375,16.36883544921875,39.56413269042969,0.9257946610450745
519.0401611328125,174.87896728515625,17.2547607421875,40.97265625,0.880122721195221
489.7685546875,119.31806182861328,7.056884765625,398.3260498046875,0.8186959624290466
628.4873657226562,73.42427825927734,5.485595703125,392.89617919921875,0.8106369972229004
153.1420440673828,136.09251403808594,10.742019653320312,340.6578369140625,0.799248456954956
591.589599609375,99.55560302734375,6.7213134765625,408.1442565917969,0.7959632277488708
629.1586303710938,-21.740312576293945,20.7523193359375,336.2579650878906,0.795347273349762
633.3894653320312,71.22930145263672,4.3582763671875,442.50177001953125,0.7938865423202515
500.3636169433594,180.38681030273438,18.094146728515625,41.61317443847656,0.7903251051902771
