487.1531677246094,179.1430206298828,17.4261474609375,39.464752197265625,0.8932297229766846
521.8821411132812,181.9969024658203,16.34283447265625,39.24871826171875,0.8907246589660645
532.1939086914062,179.2123565673828,18.61114501953125,39.627777099609375,0.8609046339988708
580.2902221679688,99.64606475830078,7.25531005859375,403.2301025390625,0.823164701461792
509.21832275390625,119.72998046875,6.71319580078125,404.9769287109375,0.8198204040527344
138.33837890625,141.96417236328125,11.117813110351562,326.9317321777344,0.8021473288536072
626.2927856445312,80.5605239868164,5.90594482421875,381.1800231933594,0.8000121116638184
631.4954833984375,-49.11113357543945,16.4703369140625,384.3857727050781,0.7886051535606384
560.9019165039062,199.56495666503906,8.79833984375,392.673583984375,0.7858973145484924
75.06603240966797,139.46824645996094,17.929229736328125,256.0047607421875,0.7812910676002502
