521.6768798828125,181.49949645996094,16.087646484375,39.08367919921875,0.8892994523048401
536.0625610351562,178.04092407226562,18.1329345703125,39.599334716796875,0.8527550101280212
631.655517578125,-40.925132751464844,15.99432373046875,364.2003479003906,0.8306270241737366
472.3609619140625,116.11199951171875,7.57940673828125,400.856689453125,0.8199160099029541
592.0469360351562,95.75819396972656,6.74664306640625,415.86279296875,0.8145884275436401
574.6002807617188,181.8202667236328,7.71478271484375,415.6903076171875,0.7977984547615051
172.16253662109375,132.00643920898438,10.628311157226562,351.2655334472656,0.7922476530075073
621.9371948242188,87.38809967041016,6.67938232421875,363.74957275390625,0.7842686176300049
636.8314819335938,83.17564392089844,3.58221435546875,454.33319091796875,0.7799597978591919
634.3275756835938,72.47547912597656,4.27520751953125,447.05487060546875,0.7758715748786926
