521.3017578125,183.14476013183594,16.23248291015625,40.062744140625,0.9075722098350525
528.2578125,182.19534301757812,17.9019775390625,39.88726806640625,0.892885148525238
477.6179504394531,120.87710571289062,7.421356201171875,398.3638610839844,0.8254639506340027
595.9039306640625,97.08629608154297,6.48443603515625,416.8438720703125,0.8127138614654541
631.4696044921875,-55.359764099121094,16.588134765625,387.0126037597656,0.7987704873085022
632.0972290039062,69.11006927490234,5.01715087890625,417.80633544921875,0.7978235483169556
128.08734130859375,136.5442352294922,11.303207397460938,339.18109130859375,0.7917634844779968
582.0584106445312,181.72415161132812,7.30169677734375,417.5213928222656,0.7883914709091187
635.3776245117188,80.26248168945312,5.6416015625,430.0873718261719,0.7775749564170837
501.650390625,186.1889190673828,17.63128662109375,40.22015380859375,0.7760893106460571
