411.0802001953125,202.70204162597656,13.458709716796875,28.666244506835938,0.8939132690429688
369.7120361328125,199.69607543945312,15.964263916015625,28.804977416992188,0.8600864410400391
521.7685546875,120.17891693115234,7.1103515625,416.0527038574219,0.8194535374641418
374.2337341308594,206.224365234375,14.65936279296875,27.45245361328125,0.8189533352851868
629.7236328125,90.74661254882812,6.91436767578125,418.0301818847656,0.8086795806884766
153.5080108642578,140.90618896484375,10.874740600585938,344.57391357421875,0.795847475528717
607.7357177734375,99.66386413574219,6.143310546875,430.0155029296875,0.784238338470459
632.9478759765625,85.43307495117188,6.3099365234375,432.7470397949219,0.7808824777603149
629.208740234375,173.55465698242188,13.4195556640625,120.16522216796875,0.7796663641929626
413.55303955078125,198.25682067871094,14.685760498046875,29.873001098632812,0.7792187929153442
