537.8031005859375,182.65977478027344,22.068603515625,48.8013916015625,0.9821340441703796
612.0504150390625,189.98388671875,17.1514892578125,49.304779052734375,0.85361248254776
460.54254150390625,186.31166076660156,15.514129638671875,34.60075378417969,0.8200575113296509
535.2767944335938,183.96380615234375,19.60198974609375,43.84333801269531,0.8064653277397156
515.3138427734375,118.83483123779297,7.6148681640625,419.55303955078125,0.7967075705528259
582.904296875,103.9991683959961,7.644287109375,408.3933410644531,0.7846734523773193
121.01185607910156,139.56483459472656,11.360992431640625,337.0025634765625,0.7826551198959351
578.744384765625,188.92416381835938,7.99920654296875,412.4027404785156,0.7700686454772949
520.6348876953125,95.24714660644531,8.63409423828125,402.47894287109375,0.7470327019691467
636.5200805664062,74.76685333251953,4.94488525390625,445.8201904296875,0.7431538701057434
