593.1616821289062,194.40951538085938,21.14410400390625,45.409698486328125,0.8167080283164978
532.8402099609375,118.04965209960938,6.73590087890625,420.1332702636719,0.8096821308135986
578.5025024414062,189.5775604248047,7.90753173828125,412.888427734375,0.7837396264076233
132.625,146.58717346191406,11.9097900390625,331.88763427734375,0.7821844816207886
596.46337890625,104.1419677734375,6.81591796875,417.117919921875,0.7751445174217224
628.8643798828125,91.49893188476562,7.610595703125,408.7320556640625,0.739606499671936
168.40452575683594,128.50482177734375,13.23016357421875,315.2762145996094,0.7388333678245544
574.340087890625,191.70204162597656,21.52008056640625,42.48338317871094,0.7387316226959229
571.2952270507812,92.36637878417969,6.80450439453125,422.43408203125,0.7350955009460449
635.5943603515625,82.848876953125,5.721435546875,433.75775146484375,0.7332589030265808
