488.4742736816406,117.67032623291016,7.68157958984375,406.8016052246094,0.8251166939735413
204.6605682373047,138.264892578125,9.912368774414062,352.0818176269531,0.81380695104599
49.156856536865234,186.94696044921875,23.171375274658203,54.09490966796875,0.8091513514518738
584.576904296875,100.24535369873047,7.06976318359375,408.68243408203125,0.8035840392112732
575.9459838867188,187.69369506835938,8.24951171875,411.9772644042969,0.7901623249053955
27.057640075683594,184.57717895507812,24.226150512695312,53.15992736816406,0.7843313217163086
170.2275848388672,184.093017578125,17.052536010742188,24.794174194335938,0.7703834772109985
177.93800354003906,117.68989562988281,13.24676513671875,325.14971923828125,0.7696645855903625
636.4227905273438,60.663570404052734,6.280517578125,418.9534912109375,0.7645981311798096
558.7623901367188,85.95111083984375,6.99151611328125,421.3306884765625,0.7594884634017944
