492.9888916015625,125.18280029296875,10.154571533203125,419.71923828125,0.831981897354126
178.50390625,146.07015991210938,10.151611328125,343.7996826171875,0.8158974647521973
626.2391967773438,79.39807891845703,18.78741455078125,369.54443359375,0.8131011724472046
423.43756103515625,180.52752685546875,19.2552490234375,50.75126647949219,0.8013733625411987
473.9225769042969,101.59705352783203,10.20965576171875,388.8439636230469,0.7991581559181213
163.1638946533203,189.3400115966797,14.640762329101562,28.085494995117188,0.7978070974349976
635.448974609375,88.70853424072266,4.9036865234375,452.9291687011719,0.7934967279434204
525.4359130859375,129.32630920410156,12.941650390625,378.48291015625,0.7897900938987732
617.4896850585938,100.42133331298828,9.69549560546875,379.6173095703125,0.7892045378684998
447.0700378417969,184.1125946044922,36.004791259765625,134.53492736816406,0.7783199548721313
