99.11940002441406,171.40469360351562,21.917495727539062,53.69085693359375,0.9889194369316101
571.8078002929688,110.3506851196289,7.94940185546875,386.7814636230469,0.8358585834503174
533.1156616210938,123.89213562011719,7.96759033203125,424.5306396484375,0.8306611776351929
170.52732849121094,143.3314971923828,10.004501342773438,332.37774658203125,0.8129764199256897
496.9538879394531,92.92654418945312,8.730926513671875,390.2386169433594,0.7948666214942932
55.12287902832031,151.714111328125,21.617881774902344,228.12503051757812,0.7888813614845276
12.582662582397461,180.1014862060547,20.819272994995117,40.83024597167969,0.788069486618042
40.074440002441406,183.234375,18.80556869506836,37.19795227050781,0.7880544066429138
29.060150146484375,182.15869140625,21.259845733642578,40.06121826171875,0.7875199317932129
634.0789794921875,66.12590789794922,5.39788818359375,446.18939208984375,0.786130964756012
