464.0882568359375,180.1436767578125,17.47076416015625,35.03697204589844,0.927487850189209
432.4298095703125,180.6100311279297,17.18878173828125,36.49760437011719,0.8513818383216858
424.2594909667969,123.85840606689453,9.70184326171875,395.2733154296875,0.8191009163856506
461.58270263671875,183.65496826171875,17.770782470703125,36.26922607421875,0.8159506916999817
585.4696044921875,101.84849548339844,7.23773193359375,408.01153564453125,0.8157334327697754
316.5981750488281,189.07960510253906,15.955291748046875,24.963302612304688,0.8024920225143433
308.4411926269531,193.17190551757812,14.94927978515625,24.882949829101562,0.8009340763092041
633.6646118164062,123.0993881225586,10.3768310546875,229.93161010742188,0.7973146438598633
124.99237060546875,138.8132781982422,11.280746459960938,336.12200927734375,0.7939850091934204
424.91290283203125,182.51377868652344,16.984710693359375,34.773681640625,0.7711728811264038
