554.5457153320312,162.7073211669922,23.1373291015625,52.156646728515625,0.8137052655220032
633.706787109375,68.91877746582031,5.0186767578125,432.9998779296875,0.8020187020301819
616.6998901367188,92.41915130615234,14.80340576171875,314.31695556640625,0.8001596331596375
558.1856689453125,116.87004089355469,6.045166015625,423.22015380859375,0.7972297668457031
197.6006317138672,137.01853942871094,10.269515991210938,350.0804443359375,0.7917200922966003
155.44320678710938,130.8230743408203,14.612701416015625,295.3116455078125,0.7841616868972778
515.287109375,174.84864807128906,25.061767578125,41.953094482421875,0.7772271633148193
637.3114624023438,58.04416275024414,4.89166259765625,430.44329833984375,0.7744448184967041
600.8867797851562,100.84748077392578,7.06817626953125,415.12579345703125,0.7657748460769653
584.6403198242188,203.1768341064453,10.205322265625,389.86322021484375,0.7603340148925781
