143.93556213378906,183.45465087890625,11.9805908203125,24.40985107421875,0.9806872010231018
531.7542724609375,166.6764373779297,20.5994873046875,46.84254455566406,0.8296997547149658
631.3519897460938,115.64608001708984,13.71746826171875,267.1807556152344,0.8219361305236816
487.94305419921875,168.86080932617188,19.070953369140625,44.265167236328125,0.8158702254295349
513.2232055664062,169.43983459472656,20.10699462890625,44.45054626464844,0.8110368251800537
565.4234619140625,19.270706176757812,36.06298828125,262.144775390625,0.7998225092887878
244.10220336914062,120.87950897216797,16.906158447265625,344.54681396484375,0.7990857362747192
319.66693115234375,128.74615478515625,10.21002197265625,385.593505859375,0.7950982451438904
450.6824035644531,131.2999725341797,10.868316650390625,399.61297607421875,0.7674909234046936
478.8907470703125,88.87928009033203,9.12506103515625,390.6094055175781,0.763742983341217
