458.76263427734375,178.82376098632812,16.732940673828125,35.756805419921875,0.8983659744262695
447.80194091796875,183.66976928710938,15.435699462890625,32.83489990234375,0.8486994504928589
506.9403381347656,128.2183074951172,8.937774658203125,413.9405517578125,0.8266076445579529
76.02533721923828,147.09613037109375,12.836021423339844,314.2221374511719,0.8189865946769714
531.7445068359375,117.03640747070312,11.5162353515625,378.3233947753906,0.8054882287979126
636.39013671875,56.21678161621094,6.3150634765625,415.56182861328125,0.8022992014884949
629.183349609375,73.07196807861328,7.10870361328125,425.77484130859375,0.7914252877235413
560.5880737304688,214.9366455078125,12.62908935546875,371.76708984375,0.7842713594436646
501.1917419433594,167.66452026367188,21.152252197265625,43.83453369140625,0.7789673805236816
631.658447265625,129.23382568359375,12.8468017578125,211.84521484375,0.7780144214630127
