508.2357177734375,181.0192108154297,20.05377197265625,43.46537780761719,0.9857438206672668
126.37541961669922,191.8299102783203,18.71855926513672,32.093780517578125,0.9274945855140686
571.7655029296875,109.67056274414062,5.37359619140625,436.1579895019531,0.8386190533638
628.7807006835938,-42.388973236083984,21.51177978515625,375.4123229980469,0.8215972185134888
582.52001953125,130.04151916503906,10.43035888671875,268.38067626953125,0.8123294711112976
630.7131958007812,80.12017059326172,5.54052734375,439.0301513671875,0.8030272126197815
629.766357421875,156.2259063720703,9.7872314453125,115.95188903808594,0.7965049743652344
616.44970703125,-39.00579833984375,21.82470703125,335.6629333496094,0.7887522578239441
561.9254150390625,102.38394165039062,9.075439453125,405.6515808105469,0.7876896262168884
568.6756591796875,197.49880981445312,9.69366455078125,407.1004333496094,0.7843945622444153
