612.4318237304688,162.49142456054688,24.2508544921875,81.53146362304688,0.9723539352416992
473.4498291015625,183.66085815429688,18.1552734375,36.59642028808594,0.921050488948822
596.8037719726562,167.72314453125,25.08575439453125,73.27102661132812,0.9012335538864136
612.4828491210938,166.10865783691406,17.32513427734375,71.96302795410156,0.8600058555603027
579.6397094726562,102.5673828125,8.74853515625,413.69647216796875,0.8007723689079285
625.1923828125,165.29495239257812,13.62261962890625,86.37835693359375,0.794165849685669
596.8505859375,183.09877014160156,7.42529296875,426.97454833984375,0.7922175526618958
464.4691162109375,120.0010986328125,9.753936767578125,414.22259521484375,0.7836776375770569
218.98757934570312,125.6878433227539,10.741500854492188,377.4230041503906,0.7687951326370239
624.6895751953125,-100.09761810302734,20.756103515625,392.9430236816406,0.7454555034637451
