559.2217407226562,172.16722106933594,24.782470703125,63.45013427734375,0.9966058731079102
559.4644165039062,118.03429412841797,6.27056884765625,429.90191650390625,0.813848078250885
538.7120361328125,215.321533203125,9.833251953125,376.17437744140625,0.8039661049842834
537.2094116210938,120.38357543945312,9.74554443359375,375.377685546875,0.7963064312934875
164.06492614746094,188.00819396972656,16.732711791992188,29.83294677734375,0.7852826118469238
516.513916015625,182.2570037841797,21.74896240234375,46.24360656738281,0.7780874967575073
175.76429748535156,146.97976684570312,10.877532958984375,337.8085632324219,0.7765044569969177
635.4296875,88.16891479492188,4.5118408203125,445.4995422363281,0.7668720483779907
141.9241943359375,130.92080688476562,15.393203735351562,299.1627502441406,0.7579995393753052
636.3390502929688,72.53459930419922,4.9354248046875,446.7874755859375,0.7523183822631836
