604.8450317382812,172.17405700683594,24.01080322265625,63.359954833984375,0.9784915447235107
425.1346435546875,165.62152099609375,18.0595703125,49.52854919433594,0.9588536620140076
147.4319610595703,183.9617462158203,16.011062622070312,29.876922607421875,0.8820937871932983
601.220947265625,174.28330993652344,23.168212890625,57.80387878417969,0.8759810924530029
158.90040588378906,183.9453125,14.794692993164062,28.36383056640625,0.8643448948860168
591.35888671875,172.27784729003906,25.26190185546875,58.863189697265625,0.790251612663269
151.00950622558594,179.6321563720703,16.873397827148438,31.863021850585938,0.7879416346549988
553.2933349609375,202.5627899169922,10.68505859375,385.838134765625,0.7876097559928894
592.4429931640625,103.08301544189453,8.19219970703125,418.08056640625,0.7789046764373779
200.59022521972656,138.3273162841797,10.363433837890625,354.70867919921875,0.7710750102996826
