530.94677734375,169.51934814453125,23.8125,63.19544982910156,0.862657368183136
526.562255859375,173.53955078125,22.32147216796875,58.27534484863281,0.8236836791038513
418.59259033203125,128.09963989257812,9.740692138671875,384.8705749511719,0.8156287670135498
564.0263671875,110.82731628417969,10.19219970703125,397.6859130859375,0.8056279420852661
87.73151397705078,137.5113525390625,12.086830139160156,327.8121643066406,0.8017871379852295
213.8179168701172,149.47300720214844,18.622787475585938,176.4027862548828,0.7924647331237793
636.129638671875,54.03276443481445,6.64111328125,409.48114013671875,0.7893769145011902
119.07064819335938,142.43150329589844,19.822036743164062,286.4052734375,0.7881782650947571
141.30775451660156,189.42974853515625,21.067047119140625,38.8719482421875,0.7805126309394836
494.66680908203125,100.6044921875,9.2247314453125,385.5820617675781,0.7755584716796875
