466.798583984375,182.71961975097656,58.68121337890625,50.51264953613281,0.8954179286956787
539.9204711914062,120.87992095947266,6.50970458984375,415.2992248535156,0.841728925704956
630.900634765625,85.12593078613281,5.57794189453125,436.76837158203125,0.8288332223892212
602.8040771484375,-12.006319046020508,32.274658203125,260.2857666015625,0.809942901134491
572.7625122070312,106.97122955322266,9.1009521484375,408.1877136230469,0.8063713908195496
626.990966796875,-37.49845504760742,25.34521484375,390.86322021484375,0.8058695197105408
156.9018096923828,146.10472106933594,10.808853149414062,340.4932861328125,0.8004486560821533
492.2869567871094,188.64488220214844,21.954742431640625,48.171875,0.7943641543388367
90.39239501953125,138.4357147216797,16.784896850585938,273.389892578125,0.7942264676094055
460.4958801269531,97.72225952148438,10.166168212890625,384.69775390625,0.787745475769043
