387.6434020996094,183.15042114257812,16.54144287109375,33.0665283203125,0.9923926591873169
494.396240234375,181.01416015625,19.82550048828125,45.088470458984375,0.8848744630813599
500.86944580078125,116.71700286865234,8.05120849609375,417.6971130371094,0.8236269950866699
401.1434631347656,184.22836303710938,22.647857666015625,44.34236145019531,0.8152240514755249
616.0157470703125,85.81922912597656,6.5587158203125,444.0472412109375,0.8090906143188477
481.93353271484375,183.32281494140625,21.9656982421875,43.44287109375,0.8076673150062561
532.4618530273438,177.37600708007812,21.64581298828125,52.36083984375,0.8050980567932129
164.016845703125,136.8753204345703,10.8677978515625,346.367919921875,0.8010677099227905
496.5234375,179.97698974609375,24.5137939453125,52.456298828125,0.7808616161346436
538.968994140625,85.4790267944336,7.55316162109375,412.7983703613281,0.7788323163986206
