424.94061279296875,180.53890991210938,15.733795166015625,36.55433654785156,0.9953515529632568
634.0183715820312,113.48944091796875,10.228759765625,258.8622131347656,0.8134813904762268
491.304443359375,120.84303283691406,9.023193359375,418.6588134765625,0.8009531497955322
52.50065612792969,185.1159210205078,24.258636474609375,66.70942687988281,0.7938269972801208
423.41510009765625,181.46473693847656,14.023834228515625,32.24693298339844,0.7926629185676575
603.6583862304688,93.08482360839844,6.548828125,431.0225830078125,0.7843314409255981
180.26361083984375,137.8586883544922,10.215499877929688,346.768798828125,0.7834951281547546
395.5621337890625,184.97828674316406,15.91241455078125,30.951858520507812,0.7801281213760376
500.6578369140625,94.45368194580078,8.887939453125,394.1959533691406,0.7729884386062622
614.7484741210938,160.11569213867188,25.31439208984375,100.37353515625,0.7591947317123413
