440.5740966796875,185.95401000976562,16.10247802734375,41.68919372558594,0.9234632253646851
478.3126525878906,181.45684814453125,20.790618896484375,48.48466491699219,0.8497097492218018
487.57061767578125,123.57061767578125,8.1326904296875,402.533203125,0.8167471289634705
481.77764892578125,177.53346252441406,20.645751953125,52.85636901855469,0.8074121475219727
632.2071533203125,117.94722747802734,12.4879150390625,272.21337890625,0.7998979091644287
601.9061889648438,98.6155014038086,6.50390625,424.6115417480469,0.7967624068260193
593.0750122070312,-1.791987419128418,32.9613037109375,302.2532958984375,0.7912474870681763
330.9829406738281,122.53192138671875,9.132293701171875,395.31060791015625,0.7815195322036743
610.484130859375,94.0261001586914,10.77008056640625,360.36138916015625,0.7807030081748962
627.6107177734375,87.93063354492188,6.3173828125,426.6227111816406,0.7771880030632019
