593.2451171875,178.6121063232422,27.3822021484375,71.9276123046875,0.9639888405799866
546.7044067382812,190.23272705078125,22.49029541015625,48.75035095214844,0.8718280792236328
586.2828369140625,182.66009521484375,24.3526611328125,61.10736083984375,0.8668240308761597
584.6996459960938,186.70660400390625,21.174560546875,59.24658203125,0.8227564692497253
555.0745849609375,201.005615234375,9.326171875,395.9127197265625,0.8103779554367065
617.330078125,180.40272521972656,17.6839599609375,76.58918762207031,0.8058894276618958
618.0178833007812,29.585453033447266,40.91741943359375,269.59033203125,0.8004995584487915
558.2974243164062,111.38985443115234,11.12322998046875,399.5565490722656,0.7768846750259399
636.5044555664062,94.59452819824219,3.8043212890625,445.6536865234375,0.7751821279525757
118.47667694091797,130.20526123046875,16.09699249267578,301.6318359375,0.7726476788520813
