151.21530151367188,192.80087280273438,15.489013671875,33.023590087890625,0.9076868891716003
515.1856079101562,119.24420166015625,7.7498779296875,417.65948486328125,0.805548369884491
613.7412719726562,186.63885498046875,17.55792236328125,57.925048828125,0.8032326102256775
593.1495361328125,100.76962280273438,6.59210205078125,412.6004333496094,0.7886108160018921
192.14840698242188,137.92079162597656,10.198089599609375,351.02239990234375,0.7852702140808105
629.3018798828125,174.12680053710938,9.9354248046875,73.46072387695312,0.7829753160476685
177.0250244140625,192.3885040283203,18.57330322265625,42.7679443359375,0.7639129161834717
147.13555908203125,189.7689666748047,15.068206787109375,31.766159057617188,0.7600284218788147
562.7464599609375,213.9794464111328,13.00054931640625,384.644775390625,0.7597923874855042
637.7118530273438,48.04899215698242,4.2576904296875,447.2655029296875,0.7592262029647827
