90.69416046142578,151.64712524414062,13.090843200683594,315.68304443359375,0.823983371257782
488.722412109375,127.49310302734375,8.23419189453125,404.30126953125,0.7955146431922913
473.4573669433594,133.04591369628906,12.141265869140625,338.153076171875,0.7925281524658203
622.136962890625,88.1470718383789,8.3203125,390.9990234375,0.7864161133766174
636.7528686523438,59.688133239746094,5.982421875,430.15313720703125,0.7521944046020508
627.4965209960938,92.16399383544922,6.76348876953125,423.79107666015625,0.7337356805801392
553.4484252929688,188.93331909179688,21.16168212890625,42.005279541015625,0.7280670404434204
69.9117431640625,161.72183227539062,19.0838623046875,235.0059814453125,0.7266367673873901
412.92755126953125,279.2752685546875,28.24835205078125,270.3143310546875,0.7225452065467834
516.95703125,193.8877410888672,20.9901123046875,40.548187255859375,0.7136260271072388
