147.666748046875,142.71316528320312,10.75677490234375,336.52191162109375,0.8249795436859131
582.76220703125,119.37545013427734,6.44244384765625,443.9491882324219,0.8093590140342712
627.5404663085938,79.96031188964844,7.44500732421875,417.50555419921875,0.807748019695282
299.0758056640625,133.0453338623047,19.74407958984375,222.4678497314453,0.7990537881851196
548.0468139648438,108.78852081298828,12.29132080078125,398.0223083496094,0.7889471054077148
153.69789123535156,139.79457092285156,17.69500732421875,305.5406494140625,0.7866336703300476
637.7406616210938,46.30122375488281,4.2459716796875,448.84375,0.7770248651504517
634.5552978515625,95.55643463134766,10.0159912109375,331.1358947753906,0.7753735184669495
515.3584594726562,229.1905059814453,15.67755126953125,357.51080322265625,0.769044041633606
600.8287353515625,122.87435913085938,19.12158203125,236.82012939453125,0.7546395063400269
